14.8539	18.2813	4.6838	1545138251.2136
14.854	18.282	4.6841	1545138251.2734
14.854	18.282	4.6842	1545138251.3329
14.8531	18.2817	4.6848	1545138251.3931
14.8531	18.2817	4.6848	1545138251.4531
14.8525	18.2817	4.6839	1545138251.5136
14.8525	18.282	4.684	1545138251.5761
14.8518	18.2818	4.6844	1545138251.6331
14.8518	18.2819	4.6845	1545138251.6937
14.8519	18.2816	4.6848	1545138251.7533
14.8551	18.282	4.687	1545138251.8161
14.8557	18.28	4.6859	1545138251.8731
14.8555	18.28	4.686	1545138251.9328
14.8555	18.2796	4.6857	1545138251.9928
14.8552	18.2802	4.6851	1545138252.0567
14.8548	18.2804	4.6839	1545138252.1131
14.8549	18.2813	4.6843	1545138252.1734
14.8537	18.2812	4.6849	1545138252.2337
14.8537	18.281	4.6848	1545138252.2959
14.8537	18.281	4.6848	1545138252.3528
14.8532	18.2811	4.6838	1545138252.4133
14.8534	18.2818	4.6842	1545138252.4728
14.8534	18.2819	4.6842	1545138252.533
14.8526	18.2816	4.6847	1545138252.5931
14.8527	18.2815	4.6848	1545138252.6533
14.8521	18.2816	4.6838	1545138252.7135
14.852	18.2819	4.684	1545138252.7758
14.8514	18.2817	4.6844	1545138252.8329
14.8515	18.2818	4.6844	1545138252.8936
14.8516	18.2815	4.6848	1545138252.9533
14.8548	18.282	4.687	1545138253.0158
14.8554	18.28	4.6859	1545138253.0731
14.8553	18.28	4.686	1545138253.1329
14.8553	18.2796	4.6857	1545138253.1931
14.855	18.2803	4.685	1545138253.2561
14.8545	18.2805	4.6838	1545138253.3132
14.8547	18.2814	4.6843	1545138253.3731
14.8535	18.2813	4.6849	1545138253.4332
14.8535	18.281	4.6847	1545138253.4958
14.8535	18.281	4.6848	1545138253.5531
14.853	18.2811	4.6838	1545138253.6137
14.8532	18.2819	4.6841	1545138253.6734
14.8523	18.2818	4.6846	1545138253.7359
14.8523	18.2815	4.6844	1545138253.7929
14.8525	18.2812	4.6848	1545138253.8534
14.8521	18.2814	4.6838	1545138253.9134
14.852	18.2817	4.684	1545138253.9759
14.8513	18.2816	4.6844	1545138254.033
14.8515	18.2817	4.6845	1545138254.093
14.8515	18.2814	4.6848	1545138254.1534
14.8516	18.2814	4.6849	1545138254.2131
14.8515	18.2812	4.6848	1545138254.2729
14.8516	18.2812	4.6848	1545138254.3328
14.8516	18.281	4.6846	1545138254.393
14.8517	18.2807	4.6848	1545138254.4558
14.8513	18.2809	4.6839	1545138254.5128
14.8514	18.2817	4.6842	1545138254.5734
14.8511	18.2817	4.6844	1545138254.6332
14.8511	18.2815	4.6843	1545138254.6957
14.8514	18.281	4.6848	1545138254.7529
14.8553	18.2825	4.6868	1545138254.8136
14.8561	18.2806	4.6856	1545138254.8733
14.8557	18.2805	4.6858	1545138254.9359
14.8557	18.28	4.6855	1545138254.9931
14.8555	18.2805	4.685	1545138255.0535
14.855	18.2808	4.6838	1545138255.1135
14.8548	18.2816	4.6842	1545138255.1758
14.8538	18.2813	4.6848	1545138255.2329
14.8536	18.2812	4.6847	1545138255.2936
14.8536	18.2811	4.6848	1545138255.3532
14.8564	18.2815	4.6868	1545138255.4159
14.8569	18.2797	4.6858	1545138255.4731
14.8564	18.2797	4.6861	1545138255.5329
14.8564	18.2793	4.6859	1545138255.5929
14.856	18.2801	4.685	1545138255.6558
14.8555	18.2803	4.6838	1545138255.7128
14.8557	18.2813	4.6842	1545138255.7735
14.8543	18.2811	4.685	1545138255.8332
14.8545	18.2808	4.6855	1545138255.8959
14.8543	18.2809	4.685	1545138255.953
14.8539	18.2807	4.6839	1545138256.0137
14.8541	18.2816	4.6842	1545138256.0728
14.853	18.2815	4.6847	1545138256.1357
14.853	18.2813	4.6845	1545138256.1929
14.8533	18.2805	4.6854	1545138256.2537
14.8525	18.2807	4.684	1545138256.3135
14.8567	18.283	4.6862	1545138256.3731
14.8572	18.2829	4.686	1545138256.4332
14.8572	18.2814	4.6853	1545138256.4935
14.8571	18.2817	4.6849	1545138256.554
14.8571	18.2818	4.6848	1545138256.6136
14.857	18.2813	4.6846	1545138256.673
14.8556	18.2812	4.6853	1545138256.7335
14.8556	18.2808	4.685	1545138256.7933
14.8555	18.281	4.6848	1545138256.856
14.855	18.2812	4.6838	1545138256.913
14.8552	18.2818	4.6841	1545138256.9734
14.8538	18.2817	4.6848	1545138257.0332
14.8538	18.2814	4.6846	1545138257.0958
14.8539	18.2812	4.6848	1545138257.153
14.8568	18.2817	4.6867	1545138257.2136
14.8572	18.2799	4.6857	1545138257.2734
14.8566	18.2798	4.6861	1545138257.3359
14.8565	18.2795	4.6859	1545138257.3931
14.8562	18.2802	4.685	1545138257.4529
14.8557	18.2804	4.6838	1545138257.5132
14.8555	18.2813	4.6843	1545138257.5757
14.8543	18.2811	4.685	1545138257.6331
14.8541	18.2809	4.6849	1545138257.6934
14.8541	18.2809	4.6848	1545138257.7532
14.8567	18.2812	4.6867	1545138257.8157
14.8572	18.2796	4.6858	1545138257.8732
14.8566	18.2795	4.6862	1545138257.9334
14.8566	18.2792	4.686	1545138257.9927
14.8564	18.2795	4.6856	1545138258.0529
14.8556	18.2798	4.684	1545138258.113
14.8558	18.2807	4.6845	1545138258.1735
14.8545	18.2806	4.6852	1545138258.2334
14.8545	18.2804	4.6851	1545138258.2958
14.8544	18.2806	4.6848	1545138258.3529
14.8575	18.2818	4.6866	1545138258.4134
14.8581	18.2802	4.6856	1545138258.4733
14.8573	18.28	4.6862	1545138258.5362
14.8572	18.2796	4.6859	1545138258.5932
14.8568	18.2804	4.685	1545138258.6536
14.8564	18.2807	4.6838	1545138258.7129
14.8561	18.2816	4.6842	1545138258.7758
14.8549	18.2813	4.685	1545138258.8331
14.8546	18.281	4.6848	1545138258.8932
14.8546	18.281	4.6848	1545138258.9534
14.8571	18.2814	4.6867	1545138259.0158
14.8581	18.2801	4.6859	1545138259.0732
14.8576	18.28	4.6863	1545138259.1336
14.8569	18.2792	4.6858	1545138259.1938
14.8568	18.28	4.685	1545138259.2562
14.8565	18.2803	4.6838	1545138259.3129
14.8565	18.2812	4.6842	1545138259.3735
14.8549	18.2811	4.6851	1545138259.4334
14.8549	18.2808	4.6849	1545138259.4959
14.8548	18.2809	4.6848	1545138259.5531
14.8575	18.2814	4.6866	1545138259.6135
14.8584	18.2802	4.6859	1545138259.6737
14.8578	18.28	4.6863	1545138259.7362
14.8571	18.2792	4.6858	1545138259.7933
14.857	18.28	4.685	1545138259.8539
14.8567	18.2803	4.6837	1545138259.9136
14.8597	18.2822	4.6858	1545138259.9731
14.859	18.2824	4.6861	1545138260.0333
14.859	18.281	4.6856	1545138260.0931
14.8588	18.2816	4.6849	1545138260.1538
14.8604	18.282	4.6862	1545138260.2161
14.8606	18.2802	4.6854	1545138260.2734
14.8591	18.2799	4.6864	1545138260.3331
14.8591	18.2794	4.6861	1545138260.3929
14.8589	18.2798	4.6857	1545138260.4558
14.8581	18.2801	4.684	1545138260.5131
14.8583	18.2809	4.6843	1545138260.5737
14.8564	18.2807	4.6854	1545138260.6335
14.8564	18.2804	4.6852	1545138260.6962
14.8561	18.2808	4.6849	1545138260.753
14.8586	18.2812	4.6865	1545138260.8134
14.8589	18.2796	4.6857	1545138260.8728
14.8578	18.2794	4.6863	1545138260.936
14.8578	18.2791	4.6861	1545138260.9929
14.8573	18.28	4.6851	1545138261.0531
14.8568	18.2803	4.6837	1545138261.1132
14.8565	18.2814	4.6843	1545138261.177
14.8552	18.2811	4.6851	1545138261.233
14.8549	18.2808	4.6849	1545138261.2936
14.8548	18.2809	4.6848	1545138261.3531
14.8549	18.2808	4.685	1545138261.413
14.8549	18.2805	4.6849	1545138261.4736
14.8541	18.2805	4.6853	1545138261.5341
14.8541	18.2802	4.6851	1545138261.5936
14.8542	18.28	4.6854	1545138261.6537
14.8534	18.2802	4.684	1545138261.7136
14.8536	18.281	4.6844	1545138261.7738
14.8527	18.281	4.6848	1545138261.8336
14.8527	18.2808	4.6847	1545138261.8959
14.8528	18.2807	4.6848	1545138261.953
14.8559	18.2812	4.6868	1545138262.0135
14.857	18.2798	4.686	1545138262.0733
14.8567	18.2797	4.6862	1545138262.137
14.8561	18.2791	4.6858	1545138262.1934
14.856	18.2799	4.685	1545138262.2536
14.8584	18.2809	4.6866	1545138262.3134
14.8593	18.28	4.686	1545138262.3759
14.8587	18.2798	4.6865	1545138262.4331
14.858	18.2789	4.6859	1545138262.4937
14.8578	18.2799	4.685	1545138262.5535
14.8595	18.2801	4.6865	1545138262.6157
14.86	18.2795	4.6862	1545138262.6732
14.8592	18.2792	4.6867	1545138262.7338
14.8586	18.2784	4.6861	1545138262.7934
14.8583	18.2795	4.685	1545138262.8562
14.8603	18.2803	4.6864	1545138262.9132
14.8608	18.2792	4.6857	1545138262.9735
14.8593	18.2789	4.6867	1545138263.0333
14.8594	18.2786	4.6865	1545138263.0968
14.8587	18.2799	4.6851	1545138263.153
14.8604	18.2802	4.6864	1545138263.2134
14.8606	18.279	4.6858	1545138263.2734
14.8592	18.2787	4.6867	1545138263.3359
14.8592	18.2784	4.6865	1545138263.3931
14.8586	18.2797	4.6851	1545138263.4537
14.8603	18.2801	4.6864	1545138263.5136
14.8607	18.2795	4.6861	1545138263.5757
14.8598	18.2793	4.6868	1545138263.633
14.8591	18.2783	4.6862	1545138263.6935
14.8588	18.2795	4.685	1545138263.7533
14.8605	18.2797	4.6864	1545138263.8158
14.8607	18.2794	4.6862	1545138263.8739
14.8598	18.2791	4.6869	1545138263.9333
14.8591	18.2782	4.6862	1545138263.9929
14.859	18.2788	4.6857	1545138264.0528
14.8604	18.279	4.6867	1545138264.113
14.8606	18.278	4.6862	1545138264.1736
14.8594	18.2778	4.687	1545138264.2334
14.8594	18.2777	4.6869	1545138264.2957
14.8586	18.2792	4.6851	1545138264.3531
14.8606	18.2801	4.6864	1545138264.4134
14.861	18.2796	4.6862	1545138264.4733
14.8602	18.2793	4.6869	1545138264.5359
14.8594	18.2784	4.6862	1545138264.5931
14.8591	18.2795	4.685	1545138264.6536
14.8607	18.2797	4.6864	1545138264.7133
14.8609	18.2794	4.6862	1545138264.7758
14.86	18.2791	4.6869	1545138264.8332
14.8593	18.2782	4.6862	1545138264.8936
14.859	18.2794	4.685	1545138264.9532
14.8606	18.2796	4.6864	1545138265.0158
14.8608	18.2793	4.6862	1545138265.0731
14.86	18.279	4.6869	1545138265.1337
14.8592	18.2781	4.6863	1545138265.1935
14.859	18.2793	4.685	1545138265.2563
14.8606	18.2795	4.6864	1545138265.3129
14.8608	18.2786	4.6859	1545138265.3735
14.8593	18.2783	4.6868	1545138265.4333
14.8593	18.2781	4.6867	1545138265.4957
14.8586	18.2795	4.6851	1545138265.5531
14.8607	18.2804	4.6864	1545138265.6136
14.8612	18.2799	4.6861	1545138265.6738
14.8603	18.2795	4.6868	1545138265.7359
14.8595	18.2786	4.6861	1545138265.7932
14.8592	18.2797	4.685	1545138265.8536
14.8607	18.2799	4.6863	1545138265.9131
14.861	18.2795	4.6861	1545138265.9758
14.8601	18.2792	4.6869	1545138266.0331
14.8593	18.2783	4.6862	1545138266.0936
14.8591	18.2794	4.685	1545138266.153
14.8606	18.2796	4.6864	1545138266.2159
14.8609	18.2793	4.6862	1545138266.2732
14.86	18.2791	4.6869	1545138266.3339
14.8592	18.2782	4.6862	1545138266.3935
14.859	18.2793	4.685	1545138266.4529
14.8606	18.2795	4.6864	1545138266.5135
14.8608	18.2786	4.6859	1545138266.5736
14.8593	18.2783	4.6868	1545138266.6333
14.8593	18.2781	4.6866	1545138266.6957
14.8586	18.2795	4.6851	1545138266.753
14.8582	18.2798	4.6837	1545138266.8138
14.8577	18.2812	4.6844	1545138266.8728
14.8563	18.2809	4.6854	1545138266.9362
14.8558	18.2804	4.6851	1545138266.9932
14.8558	18.2807	4.6848	1545138267.0529
14.8581	18.281	4.6865	1545138267.1131
14.8589	18.28	4.6859	1545138267.173
14.8583	18.2798	4.6864	1545138267.2331
14.8576	18.279	4.6859	1545138267.2933
14.8574	18.2799	4.685	1545138267.3536
14.8592	18.2801	4.6865	1545138267.4158
14.8597	18.2795	4.6861	1545138267.4731
14.859	18.2793	4.6867	1545138267.5339
14.8587	18.2799	4.6859	1545138267.5935
14.8584	18.2799	4.6853	1545138267.6559
14.86	18.2808	4.6865	1545138267.7129
14.8602	18.2791	4.6858	1545138267.7737
14.8589	18.2788	4.6866	1545138267.8336
14.8588	18.2785	4.6864	1545138267.8961
14.8583	18.2798	4.6851	1545138267.9531
14.8604	18.2807	4.6864	1545138268.0132
14.861	18.2801	4.686	1545138268.0739
14.8601	18.2798	4.6867	1545138268.1369
14.8597	18.2805	4.6859	1545138268.1935
14.8594	18.2807	4.6851	1545138268.2539
14.8609	18.2816	4.6862	1545138268.3135
14.8603	18.2818	4.6866	1545138268.3759
14.8601	18.2803	4.686	1545138268.4331
14.8596	18.2797	4.6855	1545138268.4939
14.8596	18.2804	4.6848	1545138268.5535
14.8612	18.2806	4.6861	1545138268.6158
14.8615	18.2802	4.6859	1545138268.6731
14.8603	18.2798	4.6867	1545138268.7329
14.8595	18.2787	4.686	1545138268.7932
14.8593	18.2798	4.6849	1545138268.8562
14.8608	18.28	4.6863	1545138268.9132
14.8611	18.2789	4.6857	1545138268.9739
14.8595	18.2786	4.6867	1545138269.0339
14.8595	18.2784	4.6865	1545138269.0937
14.8588	18.2797	4.6851	1545138269.1534
14.8606	18.28	4.6864	1545138269.2135
14.8609	18.2795	4.6861	1545138269.2734
14.86	18.2792	4.6868	1545138269.336
14.8596	18.2799	4.6859	1545138269.3934
14.8593	18.2801	4.6851	1545138269.4536
14.8609	18.2811	4.6862	1545138269.5135
14.8614	18.2803	4.6859	1545138269.5729
14.8603	18.2799	4.6867	1545138269.6334
14.8593	18.2788	4.686	1545138269.6935
14.8591	18.2798	4.6849	1545138269.7535
14.8589	18.2801	4.6837	1545138269.8159
14.8583	18.2814	4.6843	1545138269.8731
14.8568	18.2811	4.6854	1545138269.9334
14.8563	18.2806	4.685	1545138269.9934
14.8564	18.2802	4.6854	1545138270.0529
14.8558	18.2805	4.6839	1545138270.1134
14.8558	18.2812	4.6843	1545138270.1732
14.8544	18.2811	4.685	1545138270.2335
14.8543	18.2809	4.6848	1545138270.296
14.8543	18.2809	4.6848	1545138270.3533
14.8539	18.2811	4.6838	1545138270.4134
14.8537	18.2816	4.6841	1545138270.4734
14.8539	18.2817	4.6842	1545138270.533
14.853	18.2815	4.6847	1545138270.5934
14.8531	18.2814	4.6848	1545138270.6536
14.856	18.2822	4.6867	1545138270.7136
14.857	18.282	4.6862	1545138270.7759
14.8568	18.2805	4.6856	1545138270.8334
14.8565	18.2802	4.6852	1545138270.8928
14.8565	18.2806	4.6848	1545138270.9534
14.8587	18.2816	4.6864	1545138271.0158
14.8597	18.2806	4.6857	1545138271.0738
14.8589	18.2803	4.6864	1545138271.1335
14.8582	18.2794	4.6857	1545138271.1939
14.858	18.2802	4.6849	1545138271.2562
14.8597	18.2804	4.6864	1545138271.3139
14.8602	18.2798	4.686	1545138271.3734
14.8594	18.2795	4.6867	1545138271.4333
14.859	18.2801	4.6859	1545138271.4934
14.8587	18.2803	4.6851	1545138271.5545
14.8604	18.2813	4.6863	1545138271.6135
14.8609	18.2803	4.6859	1545138271.6733
14.8599	18.28	4.6866	1545138271.7358
14.859	18.2789	4.6859	1545138271.7937
14.8588	18.2799	4.6849	1545138271.8532
14.8605	18.2801	4.6863	1545138271.9128
14.8597	18.2803	4.6867	1545138271.976
14.8597	18.2794	4.6863	1545138272.0336
14.8593	18.2789	4.6858	1545138272.0934
14.8592	18.2798	4.6849	1545138272.1536
14.8611	18.2806	4.6862	1545138272.2159
14.8615	18.2802	4.6859	1545138272.2728
14.8605	18.2798	4.6868	1545138272.3335
14.8601	18.2805	4.6859	1545138272.3937
14.8598	18.2807	4.6851	1545138272.4558
14.8612	18.2815	4.6862	1545138272.5131
14.8617	18.2806	4.6858	1545138272.5735
14.8606	18.2802	4.6866	1545138272.6333
14.8596	18.279	4.6859	1545138272.6928
14.8594	18.28	4.6849	1545138272.7533
14.8612	18.2808	4.6862	1545138272.8135
14.8617	18.2803	4.6859	1545138272.8733
14.8606	18.2799	4.6868	1545138272.9361
14.8602	18.2806	4.6859	1545138272.9931
14.8599	18.2808	4.6851	1545138273.0537
14.8613	18.2817	4.6861	1545138273.1134
14.8615	18.2819	4.6864	1545138273.1728
14.8609	18.282	4.6867	1545138273.2331
14.861	18.2803	4.6861	1545138273.2939
14.8607	18.2815	4.685	1545138273.353
14.8619	18.2822	4.6859	1545138273.4158
14.8625	18.2815	4.6854	1545138273.4731
14.8612	18.281	4.6866	1545138273.5338
14.8603	18.2796	4.6857	1545138273.5932
14.8601	18.2804	4.6848	1545138273.6562
14.8615	18.2806	4.6861	1545138273.7133
14.8618	18.2802	4.6859	1545138273.7735
14.8607	18.2798	4.6868	1545138273.8333
14.8598	18.2788	4.686	1545138273.8959
14.8596	18.2798	4.685	1545138273.9535
14.8611	18.28	4.6863	1545138274.0135
14.8614	18.2796	4.6861	1545138274.0734
14.8604	18.2793	4.6869	1545138274.1373
14.86	18.2801	4.6859	1545138274.1932
14.8597	18.2801	4.6853	1545138274.2537
14.8612	18.281	4.6864	1545138274.3135
14.8616	18.2801	4.686	1545138274.3728
14.8606	18.2797	4.6868	1545138274.4331
14.8596	18.2785	4.6861	1545138274.4935
14.8594	18.2797	4.685	1545138274.5534
14.8612	18.2805	4.6862	1545138274.6159
14.8616	18.2801	4.686	1545138274.6732
14.8606	18.2797	4.6868	1545138274.7335
14.8598	18.2786	4.6861	1545138274.7933
14.8595	18.2797	4.6849	1545138274.8565
14.8592	18.2801	4.6837	1545138274.9128
14.8586	18.2815	4.6843	1545138274.9731
14.8571	18.2812	4.6854	1545138275.0338
14.8572	18.2811	4.6855	1545138275.0972
14.8569	18.2812	4.685	1545138275.1536
14.8565	18.281	4.6838	1545138275.2133
14.8566	18.2817	4.684	1545138275.2733
14.8548	18.2815	4.6849	1545138275.3359
14.8548	18.2812	4.6847	1545138275.3931
14.8548	18.2812	4.6847	1545138275.4528
14.8577	18.2817	4.6865	1545138275.513
14.8586	18.2804	4.6858	1545138275.5758
14.8579	18.2802	4.6862	1545138275.6332
14.8572	18.2794	4.6857	1545138275.6937
14.857	18.2801	4.6849	1545138275.7534
14.8571	18.2801	4.685	1545138275.816
14.857	18.2803	4.6851	1545138275.8735
14.8561	18.2802	4.6857	1545138275.9335
14.8557	18.2798	4.6854	1545138275.9934
14.8557	18.2797	4.6855	1545138276.0529
14.8581	18.2805	4.6869	1545138276.1131
14.8591	18.2795	4.6862	1545138276.1728
14.8586	18.2793	4.6866	1545138276.2332
14.8582	18.28	4.6858	1545138276.2961
14.8579	18.2802	4.6851	1545138276.353
14.8599	18.2817	4.6863	1545138276.4134
14.8605	18.28	4.6854	1545138276.4733
14.859	18.2797	4.6864	1545138276.5363
14.859	18.2793	4.6861	1545138276.593
14.8586	18.2801	4.6853	1545138276.6535
14.8584	18.2803	4.6845	1545138276.7129
14.8582	18.2809	4.6848	1545138276.7735
14.857	18.2807	4.6856	1545138276.8331
14.8564	18.2801	4.6852	1545138276.8935
14.8563	18.2805	4.6848	1545138276.9535
14.8563	18.2804	4.685	1545138277.0136
14.8563	18.2803	4.6849	1545138277.073
14.8552	18.2803	4.6855	1545138277.134
14.8552	18.28	4.6853	1545138277.1935
14.8549	18.2804	4.6849	1545138277.2563
14.8576	18.2808	4.6866	1545138277.3133
14.8585	18.2797	4.686	1545138277.3735
14.8579	18.2796	4.6864	1545138277.4332
14.8573	18.2789	4.6859	1545138277.4959
14.8571	18.2797	4.685	1545138277.5533
14.859	18.28	4.6865	1545138277.6135
14.8593	18.2788	4.6859	1545138277.6732
14.8582	18.2786	4.6866	1545138277.7358
14.8582	18.2784	4.6864	1545138277.7938
14.8576	18.2796	4.6851	1545138277.8536
14.8571	18.2799	4.6838	1545138277.9135
14.8568	18.2811	4.6844	1545138277.9731
14.8555	18.2808	4.6852	1545138278.0337
14.8551	18.2805	4.685	1545138278.0938
14.8551	18.2806	4.6848	1545138278.1536
14.8578	18.2817	4.6865	1545138278.2162
14.8586	18.2801	4.6855	1545138278.2737
14.8576	18.2799	4.6862	1545138278.3334
14.8576	18.2795	4.6859	1545138278.3928
14.8574	18.2798	4.6855	1545138278.4535
14.8592	18.2801	4.6867	1545138278.5134
14.8597	18.2793	4.6863	1545138278.5731
14.8591	18.2791	4.6868	1545138278.6336
14.8584	18.2783	4.6862	1545138278.6957
14.8582	18.2794	4.685	1545138278.7534
14.8599	18.2796	4.6865	1545138278.8135
14.8601	18.2786	4.6859	1545138278.8737
14.8589	18.2784	4.6867	1545138278.9358
14.8589	18.2782	4.6866	1545138278.9934
14.8582	18.2795	4.6851	1545138279.0537
14.8604	18.2804	4.6864	1545138279.1135
14.8588	18.2798	4.6839	1545138279.1735
14.8561	18.2801	4.6853	1545138279.2331
14.8561	18.28	4.6853	1545138279.2939
14.856	18.2805	4.6849	1545138279.3535
14.8583	18.2817	4.6864	1545138279.4161
14.8592	18.2806	4.6858	1545138279.4734
14.8585	18.2803	4.6863	1545138279.5335
14.8579	18.2794	4.6857	1545138279.5933
14.8578	18.2796	4.6855	1545138279.6536
14.8595	18.2803	4.6867	1545138279.7138
14.8602	18.2795	4.6863	1545138279.7735
14.8596	18.2793	4.6868	1545138279.8333
14.8589	18.2784	4.6861	1545138279.8958
14.8586	18.2796	4.685	1545138279.9538
14.8604	18.2803	4.6864	1545138280.0131
14.8609	18.2792	4.6857	1545138280.0728
14.8595	18.2789	4.6867	1545138280.1335
14.8595	18.2786	4.6865	1545138280.1936
14.8588	18.2799	4.685	1545138280.2538
14.8605	18.2802	4.6863	1545138280.3136
14.8608	18.2805	4.6868	1545138280.3737
14.8605	18.2806	4.687	1545138280.4332
14.8605	18.2794	4.6865	1545138280.4935
14.8601	18.2807	4.6851	1545138280.5536
14.8616	18.2815	4.6861	1545138280.616
14.8621	18.2809	4.6857	1545138280.6735
14.861	18.2804	4.6867	1545138280.7333
14.8601	18.2792	4.6858	1545138280.7934
14.8599	18.2801	4.6849	1545138280.8559
14.8596	18.2804	4.6836	1545138280.9133
14.8591	18.2818	4.6842	1545138280.9737
14.8575	18.2814	4.6854	1545138281.0333
14.8569	18.2808	4.6849	1545138281.0932
14.8568	18.281	4.6847	1545138281.1532
14.8589	18.2812	4.6864	1545138281.2133
14.8597	18.2803	4.6858	1545138281.2738
14.8589	18.28	4.6864	1545138281.3359
14.8581	18.2791	4.6858	1545138281.3934
14.8579	18.28	4.6849	1545138281.4533
14.86	18.2808	4.6864	1545138281.5137
14.8585	18.2803	4.6838	1545138281.5736
14.8558	18.2807	4.6852	1545138281.6331
14.8559	18.2805	4.6851	1545138281.6934
14.8558	18.2807	4.6848	1545138281.7537
14.8581	18.282	4.6864	1545138281.8161
14.8586	18.2803	4.6855	1545138281.873
14.8577	18.28	4.6861	1545138281.9337
14.8577	18.2796	4.6858	1545138281.9934
14.8573	18.2804	4.685	1545138282.057
14.8595	18.2814	4.6864	1545138282.1133
14.8602	18.2805	4.6858	1545138282.1729
14.8594	18.2802	4.6865	1545138282.2336
14.8587	18.2792	4.6858	1545138282.2958
14.8585	18.2801	4.6849	1545138282.3532
14.8601	18.2803	4.6863	1545138282.4129
14.8605	18.2797	4.686	1545138282.4732
14.8596	18.2795	4.6867	1545138282.5333
14.8589	18.2786	4.6861	1545138282.5934
14.8587	18.2796	4.685	1545138282.6534
14.8605	18.2804	4.6863	1545138282.7129
14.861	18.2799	4.686	1545138282.773
14.8602	18.2796	4.6868	1545138282.8331
14.8594	18.2786	4.6861	1545138282.8932
14.8592	18.2794	4.6852	1545138282.9534
14.8608	18.2801	4.6865	1545138283.016
14.8612	18.2796	4.6862	1545138283.0736
14.8604	18.2793	4.6869	1545138283.1329
14.8596	18.2783	4.6862	1545138283.1932
14.8594	18.2791	4.6853	1545138283.2542
14.8609	18.2798	4.6865	1545138283.3136
14.8613	18.2794	4.6862	1545138283.3736
14.8605	18.2791	4.687	1545138283.4342
14.8597	18.2781	4.6863	1545138283.4957
14.8594	18.2794	4.685	1545138283.5532
14.8609	18.2796	4.6863	1545138283.6136
14.8611	18.2793	4.6862	1545138283.6733
14.8602	18.279	4.6869	1545138283.736
14.8594	18.2781	4.6862	1545138283.793
14.8592	18.2793	4.685	1545138283.8533
14.861	18.2801	4.6863	1545138283.9128
14.8596	18.2796	4.6837	1545138283.9729
14.8565	18.2801	4.6854	1545138284.0331
14.8565	18.28	4.6853	1545138284.0932
14.8563	18.2805	4.6848	1545138284.1533
14.8582	18.2809	4.6865	1545138284.2157
14.8588	18.2799	4.686	1545138284.2739
14.8583	18.2797	4.6864	1545138284.3334
14.8576	18.2789	4.6859	1545138284.3934
14.8575	18.2795	4.6853	1545138284.4533
14.8573	18.2799	4.6838	1545138284.5131
14.8573	18.2809	4.6843	1545138284.5729
14.8557	18.2807	4.6852	1545138284.6333
14.8556	18.2805	4.6851	1545138284.6934
14.8555	18.2807	4.6848	1545138284.7534
14.858	18.2812	4.6865	1545138284.8137
14.8588	18.2801	4.6859	1545138284.8739
14.8582	18.2799	4.6864	1545138284.9333
14.8575	18.2791	4.6858	1545138284.9931
14.8573	18.2799	4.6849	1545138285.0527
14.8594	18.2808	4.6864	1545138285.1129
14.858	18.2803	4.6839	1545138285.1733
14.8556	18.2806	4.6852	1545138285.2332
14.8556	18.2804	4.6854	1545138285.2938
14.8555	18.2806	4.685	1545138285.3537
14.8574	18.2828	4.6865	1545138285.4162
14.8587	18.2809	4.6857	1545138285.4734
14.8582	18.2806	4.6862	1545138285.5333
14.8575	18.2797	4.6856	1545138285.5929
14.8574	18.2804	4.6849	1545138285.656
14.8593	18.2813	4.6863	1545138285.7136
14.8601	18.2804	4.6858	1545138285.7738
14.8593	18.2801	4.6865	1545138285.8336
14.8586	18.2792	4.6858	1545138285.8959
14.8585	18.2797	4.6852	1545138285.9534
14.8601	18.2804	4.6865	1545138286.0135
14.8607	18.2798	4.6861	1545138286.0735
14.8599	18.2795	4.6868	1545138286.1329
14.8592	18.2785	4.6861	1545138286.1932
14.8589	18.2797	4.6849	1545138286.2539
14.8605	18.2798	4.6863	1545138286.313
14.8608	18.2802	4.6868	1545138286.3736
14.8604	18.2802	4.687	1545138286.4338
14.8605	18.2791	4.6865	1545138286.4934
14.8601	18.2805	4.6851	1545138286.5535
14.8615	18.2813	4.6861	1545138286.616
14.862	18.2807	4.6857	1545138286.6731
14.8609	18.2803	4.6867	1545138286.7333
14.8606	18.281	4.6859	1545138286.7939
14.8603	18.2812	4.6851	1545138286.8529
14.8617	18.2824	4.686	1545138286.9133
14.8624	18.2815	4.6855	1545138286.9729
14.8611	18.281	4.6865	1545138287.033
14.8601	18.2796	4.6856	1545138287.0939
14.86	18.2801	4.6851	1545138287.1534
14.8613	18.2802	4.6863	1545138287.2135
14.8615	18.2798	4.686	1545138287.2734
14.8605	18.2795	4.6868	1545138287.3357
14.8597	18.2785	4.6861	1545138287.393
14.8595	18.2796	4.685	1545138287.4538
14.8612	18.2804	4.6862	1545138287.5136
14.8598	18.2798	4.6836	1545138287.5732
14.8566	18.2803	4.6853	1545138287.6331
14.8566	18.2802	4.6853	1545138287.6933
14.8566	18.2803	4.6851	1545138287.7538
14.8586	18.2813	4.6866	1545138287.816
14.8594	18.2802	4.6859	1545138287.8735
14.8588	18.28	4.6865	1545138287.9331
14.8581	18.2791	4.6858	1545138287.9935
14.858	18.28	4.6849	1545138288.0534
14.8599	18.2809	4.6864	1545138288.1137
14.8595	18.2809	4.6866	1545138288.1731
14.8595	18.2799	4.6861	1545138288.2333
14.8591	18.2794	4.6856	1545138288.2938
14.8591	18.2799	4.6851	1545138288.3536
14.8604	18.2799	4.6864	1545138288.4139
14.8608	18.2795	4.6861	1545138288.4736
14.8599	18.2792	4.6868	1545138288.5365
14.8595	18.28	4.6859	1545138288.5929
14.8592	18.2802	4.685	1545138288.6533
14.8608	18.2811	4.6862	1545138288.7132
14.8612	18.2803	4.6858	1545138288.7762
14.8602	18.2799	4.6867	1545138288.8336
14.8598	18.2806	4.6858	1545138288.8938
14.8595	18.2808	4.685	1545138288.9538
14.8595	18.2808	4.685	1545138289.0136
14.8595	18.281	4.6851	1545138289.0735
14.8581	18.2806	4.6859	1545138289.1334
14.858	18.2808	4.6856	1545138289.1938
14.8577	18.2809	4.685	1545138289.2561
14.8598	18.2821	4.6863	1545138289.3132
14.8606	18.2808	4.6857	1545138289.3732
14.8594	18.2804	4.6864	1545138289.4333
14.8584	18.2793	4.6857	1545138289.4959
14.8583	18.2801	4.6849	1545138289.5533
14.8601	18.2804	4.6863	1545138289.6136
14.8605	18.2798	4.686	1545138289.6738
14.8596	18.2795	4.6867	1545138289.7335
14.8588	18.2786	4.686	1545138289.7935
14.8586	18.2793	4.6853	1545138289.8536
14.8601	18.2795	4.6865	1545138289.9128
14.8595	18.2796	4.6868	1545138289.9763
14.8594	18.2788	4.6865	1545138290.0333
14.8593	18.2795	4.6857	1545138290.0938
14.8591	18.2797	4.6852	1545138290.1539
14.8608	18.2809	4.6863	1545138290.2162
14.8614	18.2802	4.6859	1545138290.2734
14.8604	18.2799	4.6867	1545138290.3334
14.8595	18.2788	4.686	1545138290.3931
14.8593	18.2798	4.6849	1545138290.4559
14.8609	18.28	4.6863	1545138290.5135
14.86	18.2802	4.6867	1545138290.5738
14.8599	18.2793	4.6863	1545138290.6338
14.8595	18.2789	4.6858	1545138290.6957
14.8594	18.2798	4.6849	1545138290.7537
14.861	18.28	4.6862	1545138290.8136
14.8612	18.2797	4.686	1545138290.8738
14.8602	18.2794	4.6868	1545138290.9364
14.8598	18.2801	4.6859	1545138290.993
14.8595	18.2801	4.6853	1545138291.0537
14.861	18.2809	4.6863	1545138291.1134
14.8612	18.2812	4.6866	1545138291.1727
14.8607	18.2813	4.6869	1545138291.2328
14.8605	18.2822	4.686	1545138291.2932
14.8603	18.2823	4.6853	1545138291.3536
14.8612	18.2834	4.686	1545138291.4161
14.8621	18.2818	4.6853	1545138291.4734
14.8609	18.2813	4.6864	1545138291.5333
14.86	18.2798	4.6856	1545138291.5932
14.8598	18.2806	4.6848	1545138291.6535
14.8613	18.2808	4.6861	1545138291.713
14.8617	18.2803	4.6859	1545138291.7732
14.8606	18.2799	4.6867	1545138291.8332
14.8597	18.2788	4.686	1545138291.8931
14.8595	18.2795	4.6852	1545138291.9529
14.8609	18.2797	4.6864	1545138292.0138
14.8611	18.2793	4.6862	1545138292.0735
14.8602	18.279	4.6869	1545138292.1335
14.8598	18.2798	4.6859	1545138292.1936
14.8595	18.2801	4.6851	1545138292.2538
14.8611	18.281	4.6862	1545138292.3133
14.8615	18.2803	4.6859	1545138292.3757
14.8604	18.2799	4.6867	1545138292.433
14.8595	18.2788	4.686	1545138292.4935
14.8593	18.2795	4.6852	1545138292.5532
14.859	18.2789	4.6849	1545138292.6165
14.8583	18.2795	4.6854	1545138292.6731
14.8574	18.2791	4.6862	1545138292.7338
14.857	18.2788	4.6858	1545138292.7934
14.8567	18.2796	4.6849	1545138292.8559
14.8587	18.2798	4.6866	1545138292.9133
14.8591	18.2786	4.686	1545138292.9731
14.8581	18.2785	4.6866	1545138293.0334
14.8581	18.2783	4.6864	1545138293.0956
14.8574	18.2795	4.6851	1545138293.1536
14.8594	18.2799	4.6865	1545138293.2137
14.8598	18.2793	4.6862	1545138293.2733
14.8591	18.279	4.6867	1545138293.3359
14.8584	18.2783	4.6862	1545138293.3934
14.8582	18.2794	4.685	1545138293.4537
14.8599	18.2796	4.6864	1545138293.5133
14.8603	18.28	4.6869	1545138293.5735
14.8601	18.28	4.687	1545138293.6331
14.8601	18.279	4.6866	1545138293.6933
14.8597	18.2804	4.6851	1545138293.7535
14.8597	18.2805	4.685	1545138293.8127
14.8596	18.2808	4.6851	1545138293.8731
14.8584	18.2805	4.686	1545138293.9332
14.8577	18.2797	4.6855	1545138293.9937
14.8576	18.28	4.6851	1545138294.0529
14.8593	18.2802	4.6865	1545138294.1132
14.8596	18.2789	4.6859	1545138294.1727
14.8584	18.2787	4.6866	1545138294.2337
14.8584	18.2785	4.6864	1545138294.2961
14.8578	18.2796	4.6851	1545138294.3531
14.8601	18.2806	4.6864	1545138294.4138
14.8607	18.2799	4.686	1545138294.4734
14.8598	18.2796	4.6867	1545138294.5362
14.8591	18.2787	4.686	1545138294.5932
14.8588	18.2797	4.6849	1545138294.6535
14.8604	18.2799	4.6863	1545138294.7133
14.8608	18.2803	4.6868	1545138294.7731
14.8604	18.2803	4.687	1545138294.8337
14.8605	18.2792	4.6865	1545138294.8935
14.8601	18.2803	4.6853	1545138294.9536
14.86	18.2805	4.6848	1545138295.014
14.8599	18.2809	4.685	1545138295.0732
14.8586	18.2806	4.686	1545138295.1326
14.8578	18.2799	4.6854	1545138295.1935
14.8577	18.2801	4.6851	1545138295.2529
14.8594	18.2803	4.6865	1545138295.313
14.86	18.2796	4.6861	1545138295.373
14.8592	18.2794	4.6867	1545138295.4332
14.8585	18.2785	4.6861	1545138295.4939
14.8583	18.2792	4.6853	1545138295.554
14.8601	18.28	4.6866	1545138295.6136
14.8607	18.2794	4.6862	1545138295.6732
14.8599	18.2792	4.6869	1545138295.7359
14.8592	18.2783	4.6862	1545138295.7931
14.8589	18.2791	4.6853	1545138295.8534
14.8603	18.2792	4.6865	1545138295.9134
14.8606	18.2796	4.687	1545138295.9758
14.8603	18.2796	4.6872	1545138296.0334
14.8604	18.2786	4.6868	1545138296.0934
14.86	18.2799	4.6854	1545138296.1531
14.8599	18.2802	4.6849	1545138296.2139
14.8598	18.2807	4.6851	1545138296.2731
14.8586	18.2804	4.686	1545138296.3334
14.8578	18.2797	4.6855	1545138296.3938
14.8577	18.28	4.6851	1545138296.4558
14.8594	18.2802	4.6865	1545138296.513
14.8599	18.2795	4.6861	1545138296.5737
14.8591	18.2793	4.6867	1545138296.6336
14.8584	18.2784	4.6861	1545138296.6956
14.8582	18.2792	4.6853	1545138296.7535
14.8601	18.2799	4.6866	1545138296.8134
14.8606	18.2794	4.6862	1545138296.8729
14.8598	18.2791	4.6869	1545138296.9359
14.8591	18.2782	4.6862	1545138296.9928
14.8588	18.2794	4.685	1545138297.0529
14.8604	18.2796	4.6864	1545138297.1134
14.8606	18.2793	4.6862	1545138297.1757
14.8598	18.279	4.6868	1545138297.2328
14.8591	18.2782	4.6862	1545138297.2934
14.8588	18.2793	4.685	1545138297.3533
14.8588	18.2793	4.685	1545138297.4134
14.8585	18.28	4.6853	1545138297.4731
14.8575	18.2798	4.686	1545138297.5337
14.857	18.2793	4.6856	1545138297.5934
14.8568	18.2799	4.6849	1545138297.6559
14.8589	18.2802	4.6865	1545138297.7129
14.8594	18.2795	4.6861	1545138297.7737
14.8587	18.2793	4.6866	1545138297.833
14.8584	18.2799	4.6858	1545138297.8957
14.8581	18.2799	4.6853	1545138297.9533
14.86	18.2814	4.6864	1545138298.0135
14.8608	18.2804	4.6859	1545138298.0734
14.8599	18.2801	4.6866	1545138298.1335
14.8596	18.2808	4.6858	1545138298.1931
14.8593	18.281	4.6851	1545138298.2533
14.8609	18.2819	4.6862	1545138298.3134
14.8615	18.2808	4.6857	1545138298.3759
14.8603	18.2804	4.6866	1545138298.4336
14.86	18.281	4.6858	1545138298.4937
14.8597	18.2812	4.685	1545138298.5533
14.8597	18.2812	4.685	1545138298.6138
14.8597	18.2812	4.685	1545138298.6727
14.8583	18.2808	4.6859	1545138298.7335
14.8574	18.28	4.6853	1545138298.7937
14.8573	18.2805	4.6848	1545138298.8533
14.8595	18.2808	4.6863	1545138298.913
14.8601	18.2801	4.6859	1545138298.9735
14.8592	18.2798	4.6865	1545138299.0333
14.8584	18.2789	4.6859	1545138299.0936
14.8582	18.2798	4.6849	1545138299.153
14.8599	18.28	4.6864	1545138299.2138
14.8603	18.2796	4.6861	1545138299.2737
14.8595	18.2793	4.6867	1545138299.3359
14.8587	18.2784	4.6861	1545138299.393
14.8585	18.2795	4.685	1545138299.4533
14.8601	18.2797	4.6864	1545138299.5133
14.8594	18.2799	4.6867	1545138299.5734
14.8594	18.2791	4.6864	1545138299.6338
14.8593	18.2797	4.6857	1545138299.6931
14.8591	18.28	4.685	1545138299.7532
14.8591	18.28	4.685	1545138299.8139
14.8577	18.2807	4.6858	1545138299.8736
14.8575	18.2801	4.6855	1545138299.9338
14.8572	18.2798	4.6853	1545138299.9927
14.8571	18.2803	4.6848	1545138300.0557
14.8593	18.2806	4.6863	1545138300.113
14.8599	18.2799	4.6859	1545138300.1733
14.8589	18.2796	4.6865	1545138300.2327
14.8582	18.2788	4.6859	1545138300.2938
14.858	18.2797	4.6849	1545138300.3534
14.8601	18.2806	4.6864	1545138300.4134
14.8607	18.28	4.686	1545138300.4734
14.8598	18.2797	4.6867	1545138300.5338
14.8591	18.2787	4.686	1545138300.593
14.8588	18.2798	4.6849	1545138300.6535
14.8604	18.28	4.6863	1545138300.7134
14.8608	18.2803	4.6868	1545138300.7734
14.8604	18.2804	4.687	1545138300.8329
14.8604	18.2792	4.6865	1545138300.8934
14.86	18.2806	4.6851	1545138300.9536
14.8615	18.2814	4.6861	1545138301.0159
14.862	18.2808	4.6857	1545138301.0738
14.8609	18.2803	4.6867	1545138301.1336
14.8606	18.281	4.6859	1545138301.193
14.8603	18.2811	4.6853	1545138301.253
14.8614	18.2817	4.6861	1545138301.3135
14.8619	18.2807	4.6857	1545138301.3734
14.8607	18.2803	4.6867	1545138301.4331
14.8604	18.2809	4.6859	1545138301.4957
14.8601	18.2811	4.685	1545138301.5533
14.8616	18.282	4.6861	1545138301.6136
14.8621	18.281	4.6856	1545138301.6737
14.8608	18.2805	4.6866	1545138301.736
14.8597	18.2792	4.6858	1545138301.7933
14.8596	18.2801	4.6849	1545138301.854
14.8611	18.2804	4.6862	1545138301.9137
14.8614	18.2799	4.6859	1545138301.9757
14.8603	18.2796	4.6868	1545138302.0337
14.8594	18.2786	4.686	1545138302.0935
14.8592	18.2796	4.685	1545138302.1531
14.8589	18.2799	4.6837	1545138302.2133
14.8584	18.2813	4.6843	1545138302.2729
14.8569	18.281	4.6854	1545138302.3334
14.8563	18.2805	4.685	1545138302.3933
14.8563	18.2807	4.6848	1545138302.4527
14.8585	18.281	4.6864	1545138302.5132
14.8593	18.2801	4.6859	1545138302.5734
14.8586	18.2799	4.6864	1545138302.6332
14.8578	18.2791	4.6858	1545138302.6964
14.8577	18.2796	4.6852	1545138302.7529
14.8593	18.2798	4.6866	1545138302.8134
14.8589	18.2798	4.6867	1545138302.8734
14.8589	18.279	4.6863	1545138302.9359
14.8588	18.2796	4.6857	1545138302.9935
14.8586	18.2798	4.685	1545138303.0534
14.8603	18.2807	4.6863	1545138303.1135
14.8607	18.2811	4.6867	1545138303.1737
14.8603	18.2811	4.6868	1545138303.2329
14.8604	18.2797	4.6863	1545138303.2937
14.8595	18.282	4.6838	1545138303.354
14.8617	18.2831	4.6853	1545138303.4162
14.8622	18.2824	4.6849	1545138303.473
14.8608	18.2817	4.6862	1545138303.5334
14.8598	18.2803	4.6853	1545138303.5937
14.8597	18.2809	4.6848	1545138303.6556
14.8611	18.2811	4.6861	1545138303.7136
14.8603	18.2813	4.6866	1545138303.7736
14.8602	18.2801	4.686	1545138303.8334
14.8598	18.2796	4.6855	1545138303.8934
14.8597	18.2803	4.6848	1545138303.9529
14.8612	18.2805	4.6861	1545138304.0133
14.8615	18.2801	4.6859	1545138304.0733
14.8604	18.2798	4.6867	1545138304.1339
14.8596	18.2787	4.686	1545138304.1931
14.8593	18.2797	4.6849	1545138304.254
14.8609	18.28	4.6862	1545138304.3137
14.8611	18.2796	4.686	1545138304.3734
14.8602	18.2793	4.6868	1545138304.4329
14.8594	18.2784	4.6861	1545138304.4934
14.8591	18.2795	4.685	1545138304.553
14.861	18.2803	4.6863	1545138304.6162
14.8601	18.2804	4.6868	1545138304.6738
14.8602	18.2795	4.6863	1545138304.7336
14.8601	18.2801	4.6857	1545138304.7937
14.8599	18.2803	4.685	1545138304.853
14.8614	18.281	4.6861	1545138304.9135
14.8618	18.2804	4.6858	1545138304.9735
14.8606	18.2801	4.6867	1545138305.0333
14.8599	18.2811	4.6853	1545138305.0961
14.8598	18.2811	4.6851	1545138305.1528
14.8613	18.2824	4.686	1545138305.2136
14.862	18.2814	4.6855	1545138305.2733
14.8608	18.2809	4.6865	1545138305.3357
14.8598	18.2796	4.6856	1545138305.393
14.8596	18.2804	4.6848	1545138305.4533
14.8613	18.2812	4.6861	1545138305.5137
14.8618	18.2806	4.6857	1545138305.5759
14.8607	18.2802	4.6867	1545138305.6329
14.8599	18.2791	4.6858	1545138305.6928
14.8597	18.2798	4.6852	1545138305.7531
14.8612	18.2804	4.6863	1545138305.8157
14.8616	18.2799	4.686	1545138305.8737
14.8607	18.2796	4.6869	1545138305.9334
14.8599	18.2785	4.6861	1545138305.9932
14.8596	18.2797	4.685	1545138306.0555
14.8613	18.2804	4.6862	1545138306.1134
14.8617	18.28	4.686	1545138306.173
14.8607	18.2797	4.6868	1545138306.2333
14.8603	18.2804	4.6859	1545138306.296
14.8593	18.2805	4.684	1545138306.354
14.8616	18.2824	4.6855	1545138306.4136
14.8621	18.2817	4.6852	1545138306.4732
14.8607	18.2812	4.6864	1545138306.5361
14.8602	18.2822	4.6852	1545138306.5926
14.8601	18.2823	4.6848	1545138306.6535
14.8614	18.2835	4.6857	1545138306.7133
14.8623	18.2823	4.6851	1545138306.7758
14.8609	18.2818	4.6863	1545138306.8331
14.8599	18.2803	4.6853	1545138306.8935
14.8597	18.2809	4.6848	1545138306.9532
14.8595	18.2812	4.6836	1545138307.0128
14.8591	18.2823	4.6841	1545138307.073
14.8574	18.2819	4.6853	1545138307.1337
14.8567	18.2812	4.6847	1545138307.1934
14.8567	18.2813	4.6847	1545138307.2561
14.8591	18.2821	4.6862	1545138307.3135
14.8602	18.281	4.6855	1545138307.3732
14.8593	18.2808	4.6863	1545138307.4333
14.8586	18.2816	4.6852	1545138307.4933
14.8586	18.2816	4.6851	1545138307.5533
14.8602	18.2829	4.6861	1545138307.6135
14.8612	18.2816	4.6854	1545138307.6744
14.8601	18.2812	4.6863	1545138307.7362
14.8595	18.2821	4.6852	1545138307.7932
14.8594	18.2822	4.6848	1545138307.8534
14.8609	18.2836	4.6858	1545138307.9134
14.8619	18.2823	4.6851	1545138307.9757
14.8606	18.2818	4.6862	1545138308.033
14.8595	18.2804	4.6853	1545138308.0937
14.8594	18.2809	4.6848	1545138308.1533
14.8611	18.2817	4.686	1545138308.2156
14.8617	18.281	4.6856	1545138308.2732
14.8606	18.2806	4.6865	1545138308.3336
14.8597	18.2794	4.6857	1545138308.3934
14.8595	18.2803	4.6849	1545138308.4535
14.8607	18.2799	4.6851	1545138308.5138
14.861	18.2774	4.6829	1545138308.5733
14.8603	18.2731	4.6828	1545138308.6337
14.8599	18.2681	4.6815	1545138308.6959
14.8595	18.2611	4.6805	1545138308.7531
14.8599	18.2529	4.6815	1545138308.8133
14.8599	18.2411	4.6803	1545138308.8733
14.8592	18.2282	4.6822	1545138308.9359
14.8584	18.2132	4.6826	1545138308.9932
14.8579	18.1985	4.6831	1545138309.053
14.8581	18.1827	4.6881	1545138309.1129
14.8576	18.1632	4.6907	1545138309.1736
14.8571	18.1418	4.6929	1545138309.2334
14.8566	18.1193	4.6937	1545138309.2935
14.856	18.0955	4.6943	1545138309.353
14.8562	18.0709	4.6983	1545138309.4159
14.8564	18.0425	4.6976	1545138309.4728
14.8557	18.0135	4.6996	1545138309.5337
14.8553	17.9847	4.6997	1545138309.5935
14.8544	17.958	4.6967	1545138309.6528
14.8532	17.9272	4.6941	1545138309.7129
14.8517	17.9006	4.6957	1545138309.7733
14.851	17.871	4.6963	1545138309.8336
14.8505	17.8416	4.6958	1545138309.8963
14.85	17.8141	4.6958	1545138309.9535
14.8503	17.7871	4.7	1545138310.0134
14.8507	17.7561	4.7002	1545138310.0735
14.8505	17.7265	4.7006	1545138310.1368
14.8497	17.7006	4.6991	1545138310.1936
14.8494	17.6717	4.6984	1545138310.2537
14.8505	17.6483	4.701	1545138310.3134
14.8517	17.6177	4.6984	1545138310.3733
14.8512	17.5884	4.6993	1545138310.4337
14.8506	17.5577	4.6985	1545138310.4936
14.8504	17.528	4.6995	1545138310.5534
14.8512	17.5001	4.7031	1545138310.6157
14.8519	17.4692	4.7007	1545138310.6729
14.8515	17.44	4.7008	1545138310.7336
14.8507	17.4114	4.6988	1545138310.7934
14.8503	17.3814	4.6976	1545138310.8562
14.8513	17.3573	4.7007	1545138310.9137
14.8521	17.3254	4.698	1545138310.9734
14.8516	17.2963	4.6986	1545138311.0332
14.8512	17.2679	4.6994	1545138311.0935
14.8502	17.2406	4.6973	1545138311.1534
14.8509	17.214	4.701	1545138311.2136
14.8514	17.1812	4.6993	1545138311.2737
14.8508	17.1507	4.7009	1545138311.3361
14.8498	17.1238	4.6993	1545138311.3934
14.8494	17.0948	4.6991	1545138311.4535
14.8505	17.0731	4.7019	1545138311.5129
14.8519	17.0438	4.6987	1545138311.5735
14.8515	17.0147	4.6986	1545138311.6328
14.8511	16.9842	4.6979	1545138311.6934
14.8506	16.9564	4.6972	1545138311.7531
14.85	16.9271	4.6948	1545138311.8133
14.8507	16.9051	4.6985	1545138311.8733
14.851	16.8768	4.6975	1545138311.9337
14.8509	16.848	4.6997	1545138311.9939
14.8505	16.818	4.7007	1545138312.0568
14.8508	16.7921	4.7029	1545138312.1135
14.8508	16.7624	4.7029	1545138312.1733
14.8513	16.7349	4.7002	1545138312.2336
14.851	16.7056	4.6985	1545138312.2934
14.8511	16.6755	4.6981	1545138312.3534
14.851	16.6472	4.6981	1545138312.4136
14.8521	16.6139	4.6952	1545138312.4734
14.8512	16.5838	4.6977	1545138312.536
14.8508	16.5553	4.697	1545138312.5928
14.8504	16.5261	4.6977	1545138312.6538
14.8511	16.5	4.7006	1545138312.7131
14.852	16.4665	4.6994	1545138312.7763
14.8513	16.4385	4.7019	1545138312.8335
14.851	16.4095	4.7013	1545138312.8935
14.8505	16.3809	4.7003	1545138312.9534
14.8516	16.3545	4.7027	1545138313.0158
14.853	16.3236	4.6993	1545138313.0731
14.8523	16.2935	4.7001	1545138313.1334
14.8519	16.2641	4.6982	1545138313.1935
14.8513	16.2361	4.6959	1545138313.2528
14.8526	16.2111	4.6983	1545138313.3139
14.8521	16.184	4.6986	1545138313.3733
14.8524	16.156	4.6971	1545138313.4336
14.852	16.1265	4.6962	1545138313.4938
14.8515	16.0977	4.6958	1545138313.5537
14.8524	16.0735	4.6978	1545138313.6134
14.8526	16.0457	4.6983	1545138313.6728
14.8523	16.0151	4.7001	1545138313.736
14.8521	15.9871	4.7018	1545138313.7934
14.8518	15.9581	4.7022	1545138313.8536
14.852	15.9299	4.7021	1545138313.9137
14.8518	15.8995	4.7003	1545138313.9759
14.8516	15.8713	4.6988	1545138314.0334
14.8512	15.8419	4.6967	1545138314.0934
14.8509	15.8126	4.696	1545138314.1535
14.8511	15.7862	4.6973	1545138314.2159
14.8508	15.7581	4.6974	1545138314.273
14.8505	15.7299	4.6972	1545138314.3328
14.8501	15.7005	4.6965	1545138314.3928
14.85	15.6712	4.6983	1545138314.4535
14.8505	15.6448	4.7017	1545138314.5127
14.8517	15.616	4.7008	1545138314.5735
14.8513	15.5874	4.7025	1545138314.633
14.85	15.5615	4.6986	1545138314.696
14.8499	15.5339	4.7003	1545138314.7531
14.8494	15.5038	4.6965	1545138314.8134
14.8485	15.4759	4.6964	1545138314.8733
14.8479	15.4468	4.6973	1545138314.936
14.8475	15.4172	4.6963	1545138314.9936
14.8479	15.3853	4.7005	1545138315.0536
14.8491	15.361	4.7045	1545138315.1128
14.8501	15.3288	4.7039	1545138315.1768
14.85	15.3013	4.7045	1545138315.233
14.8498	15.272	4.7032	1545138315.2933
14.8496	15.243	4.7022	1545138315.3535
14.85	15.2151	4.7025	1545138315.4158
14.8514	15.1874	4.6984	1545138315.4737
14.851	15.1579	4.6991	1545138315.5333
14.8506	15.1281	4.6973	1545138315.5931
14.8493	15.0998	4.6943	1545138315.6559
14.8498	15.0781	4.6965	1545138315.7128
14.8493	15.0496	4.697	1545138315.7732
14.8488	15.0204	4.6998	1545138315.833
14.8479	14.9923	4.6985	1545138315.8958
14.8478	14.9652	4.7017	1545138315.9532
14.848	14.9382	4.7035	1545138316.0131
14.8504	14.9088	4.7004	1545138316.0737
14.85	14.8802	4.7015	1545138316.1333
14.8497	14.8503	4.7026	1545138316.1929
14.8484	14.8235	4.6997	1545138316.2536
14.849	14.7984	4.7022	1545138316.3134
14.8508	14.7694	4.6978	1545138316.3734
14.8503	14.7397	4.6996	1545138316.4333
14.85	14.7105	4.6979	1545138316.4933
14.8505	14.6791	4.7	1545138316.5533
14.8498	14.6461	4.6991	1545138316.6158
14.8501	14.6182	4.6983	1545138316.673
14.8497	14.5892	4.6978	1545138316.7337
14.8492	14.5612	4.6972	1545138316.7934
14.8489	14.532	4.7018	1545138316.8537
14.8483	14.5006	4.7018	1545138316.9135
14.8487	14.4709	4.7017	1545138316.9742
14.8484	14.4429	4.7024	1545138317.0336
14.8482	14.4137	4.7014	1545138317.0936
14.8487	14.383	4.7037	1545138317.1528
14.8488	14.3552	4.7045	1545138317.2136
14.8496	14.323	4.7024	1545138317.2738
14.8496	14.2935	4.7	1545138317.3358
14.8492	14.266	4.6987	1545138317.393
14.8483	14.2365	4.6966	1545138317.4545
14.8491	14.2125	4.6993	1545138317.5134
14.8498	14.1798	4.6976	1545138317.5756
14.8493	14.151	4.6989	1545138317.6331
14.849	14.1225	4.7004	1545138317.6934
14.8491	14.0923	4.7031	1545138317.7534
14.8486	14.0629	4.7005	1545138317.8138
14.8479	14.0355	4.702	1545138317.8729
14.8476	14.006	4.7023	1545138317.9329
14.8477	13.9757	4.7041	1545138317.9932
14.8474	13.9467	4.7037	1545138318.0535
14.8478	13.9202	4.7034	1545138318.1128
14.8493	13.889	4.6993	1545138318.174
14.849	13.8608	4.6975	1545138318.2331
14.8483	13.831	4.6952	1545138318.2961
14.8483	13.8034	4.6976	1545138318.3537
14.8484	13.7764	4.6995	1545138318.4134
14.8483	13.7452	4.7	1545138318.4739
14.8492	13.7187	4.6984	1545138318.5338
14.8488	13.6904	4.7004	1545138318.5929
14.8496	13.6592	4.7042	1545138318.6527
14.8495	13.6302	4.7061	1545138318.7136
14.8494	13.5999	4.7072	1545138318.7757
14.8504	13.5732	4.7039	1545138318.833
14.8515	13.5459	4.7038	1545138318.8931
14.8512	13.5168	4.7009	1545138318.9545
14.8508	13.4874	4.6994	1545138319.0159
14.8521	13.4587	4.6957	1545138319.0729
14.8516	13.4302	4.6945	1545138319.1327
14.8516	13.4015	4.6958	1545138319.1935
14.8512	13.3717	4.6969	1545138319.253
14.8508	13.3433	4.6985	1545138319.3131
14.851	13.3128	4.6977	1545138319.3733
14.8509	13.2849	4.6978	1545138319.4341
14.8512	13.2585	4.7002	1545138319.4936
14.851	13.2287	4.7022	1545138319.5535
14.8508	13.1999	4.7033	1545138319.6136
14.8516	13.1693	4.7018	1545138319.6736
14.8515	13.1394	4.6998	1545138319.7358
14.8518	13.1133	4.7001	1545138319.7936
14.8514	13.085	4.6988	1545138319.8532
14.8512	13.0566	4.6991	1545138319.9145
14.8518	13.0249	4.6973	1545138319.9758
14.8515	12.9972	4.6966	1545138320.0331
14.8515	12.9704	4.6977	1545138320.0933
14.8512	12.9412	4.6985	1545138320.1531
14.8507	12.912	4.6959	1545138320.2134
14.8499	12.8859	4.6978	1545138320.2734
14.8499	12.8579	4.6967	1545138320.3336
14.8495	12.8291	4.6965	1545138320.3932
14.8501	12.7971	4.6996	1545138320.4558
14.8495	12.7688	4.6966	1545138320.5135
14.8489	12.7431	4.6983	1545138320.5732
14.8489	12.714	4.6979	1545138320.6333
14.8485	12.6855	4.6987	1545138320.6936
14.849	12.6547	4.7024	1545138320.7537
14.8495	12.6281	4.7048	1545138320.8137
14.8503	12.597	4.7038	1545138320.8731
14.8508	12.5678	4.7017	1545138320.9358
14.8505	12.54	4.7013	1545138320.993
14.8507	12.5095	4.7024	1545138321.0536
14.8501	12.48	4.6985	1545138321.1134
14.8502	12.4551	4.7005	1545138321.1734
14.8507	12.4274	4.698	1545138321.2334
14.8503	12.398	4.6968	1545138321.294
14.8511	12.3658	4.6995	1545138321.3536
14.8511	12.3368	4.7004	1545138321.4158
14.852	12.3085	4.6991	1545138321.4729
14.8517	12.2801	4.6987	1545138321.5333
14.8519	12.2508	4.7006	1545138321.5936
14.8515	12.2217	4.7007	1545138321.6536
14.8513	12.1933	4.7008	1545138321.7134
14.8522	12.1635	4.699	1545138321.7739
14.8519	12.1348	4.6984	1545138321.8334
14.852	12.1033	4.7009	1545138321.896
14.8516	12.0753	4.7008	1545138321.9531
14.8518	12.0495	4.7022	1545138322.0134
14.8531	12.0192	4.6993	1545138322.0733
14.8527	11.9898	4.6978	1545138322.1357
14.8523	11.963	4.6974	1545138322.193
14.852	11.9327	4.6972	1545138322.2543
14.8519	11.9048	4.6975	1545138322.3136
14.852	11.875	4.6969	1545138322.3756
14.8517	11.8474	4.6958	1545138322.4336
14.8517	11.8174	4.698	1545138322.4937
14.8513	11.7884	4.6985	1545138322.5536
14.8506	11.7589	4.6963	1545138322.6136
14.8495	11.732	4.6991	1545138322.673
14.8492	11.7044	4.7005	1545138322.7333
14.8489	11.676	4.7019	1545138322.7932
14.8486	11.6462	4.7023	1545138322.8559
14.8489	11.6197	4.7037	1545138322.9136
14.8495	11.589	4.7022	1545138322.9731
14.8494	11.5599	4.701	1545138323.0334
14.8491	11.5311	4.7002	1545138323.0935
14.8492	11.5003	4.7019	1545138323.1537
14.8495	11.4731	4.7032	1545138323.2135
14.8503	11.4427	4.7013	1545138323.2732
14.8502	11.4141	4.7001	1545138323.3334
14.8498	11.3853	4.7	1545138323.3933
14.8498	11.355	4.7014	1545138323.4537
14.8501	11.3289	4.7027	1545138323.513
14.8508	11.2978	4.7012	1545138323.5756
14.8506	11.2696	4.7008	1545138323.6336
14.8506	11.2391	4.7012	1545138323.6935
14.8503	11.2102	4.701	1545138323.7535
14.8496	11.1802	4.6972	1545138323.8136
14.8495	11.1571	4.6988	1545138323.8729
14.8494	11.1284	4.6976	1545138323.9328
14.849	11.1001	4.6986	1545138323.9936
14.8478	11.0724	4.697	1545138324.0534
14.8474	11.0435	4.6994	1545138324.113
14.8471	11.0149	4.6995	1545138324.1734
14.8471	10.9863	4.6998	1545138324.2335
14.8475	10.9543	4.7038	1545138324.2959
14.8474	10.9268	4.705	1545138324.3537
14.8468	10.8968	4.7023	1545138324.4137
14.8465	10.8712	4.7031	1545138324.4731
14.8467	10.8413	4.7012	1545138324.5361
14.8464	10.8134	4.701	1545138324.5931
14.8473	10.7821	4.7033	1545138324.6534
14.8466	10.7523	4.6995	1545138324.713
14.8468	10.7295	4.7019	1545138324.7737
14.8477	10.702	4.6999	1545138324.8335
14.8485	10.6704	4.7033	1545138324.8935
14.8482	10.6414	4.7034	1545138324.9532
14.8478	10.6115	4.7034	1545138325.016
14.8486	10.5818	4.7014	1545138325.0729
14.8484	10.5532	4.7002	1545138325.1332
14.848	10.5242	4.6997	1545138325.1926
14.8481	10.4929	4.7005	1545138325.2567
14.8477	10.4652	4.6989	1545138325.3131
14.8469	10.437	4.6999	1545138325.3734
14.8466	10.4081	4.6999	1545138325.4344
14.8467	10.3754	4.7031	1545138325.4959
14.8467	10.3485	4.7045	1545138325.5531
14.8459	10.3172	4.7021	1545138325.6136
14.8456	10.2899	4.7026	1545138325.6733
14.8456	10.2605	4.7008	1545138325.7357
14.8452	10.2326	4.7008	1545138325.7929
14.8462	10.2012	4.7043	1545138325.8528
14.8454	10.1715	4.7013	1545138325.9131
14.8449	10.1435	4.7029	1545138325.9758
14.8449	10.116	4.7024	1545138326.0338
14.8453	10.0856	4.7053	1545138326.0939
14.8449	10.057	4.7055	1545138326.1533
14.8446	10.0273	4.7071	1545138326.2134
14.8446	9.9957	4.7052	1545138326.2731
14.8451	9.9681	4.7017	1545138326.3335
14.8447	9.9392	4.701	1545138326.3933
14.8451	9.9086	4.7017	1545138326.4559
14.8457	9.8861	4.7032	1545138326.5135
14.846	9.857	4.7021	1545138326.5731
14.8462	9.8292	4.7008	1545138326.6333
14.8459	9.7992	4.701	1545138326.6959
14.8472	9.7695	4.7049	1545138326.7531
14.8483	9.743	4.7086	1545138326.8135
14.8508	9.7087	4.706	1545138326.8736
14.8509	9.6808	4.7045	1545138326.9358
14.8507	9.6522	4.7028	1545138326.9933
14.8507	9.6226	4.7015	1545138327.0535
14.8519	9.5966	4.7029	1545138327.1135
14.8528	9.57	4.6948	1545138327.1732
14.8516	9.5419	4.6952	1545138327.233
14.8511	9.5129	4.6936	1545138327.2934
14.8514	9.4822	4.6954	1545138327.3533
14.8522	9.456	4.6987	1545138327.4159
14.8544	9.4229	4.6959	1545138327.4729
14.8539	9.3938	4.6971	1545138327.5333
14.8535	9.3646	4.697	1545138327.5935
14.8529	9.3358	4.697	1545138327.6533
14.8541	9.3127	4.7018	1545138327.7129
14.8562	9.2832	4.6985	1545138327.7728
14.8558	9.2547	4.6987	1545138327.8333
14.8553	9.2228	4.6964	1545138327.8935
14.8551	9.1908	4.6973	1545138327.9531
14.8558	9.1646	4.699	1545138328.0135
14.8574	9.1354	4.6951	1545138328.0732
14.8569	9.1063	4.6948	1545138328.1334
14.8563	9.0765	4.6929	1545138328.193
14.8561	9.0446	4.6936	1545138328.2545
14.8549	9.0147	4.6899	1545138328.3132
14.8533	8.9881	4.6929	1545138328.3731
14.8526	8.9584	4.6957	1545138328.433
14.8522	8.9303	4.6974	1545138328.4927
14.8522	8.8995	4.7014	1545138328.5535
14.8516	8.8706	4.7008	1545138328.6136
14.8513	8.8413	4.7013	1545138328.6732
14.8509	8.8122	4.7012	1545138328.7334
14.8506	8.7825	4.7001	1545138328.7932
14.8502	8.7535	4.6997	1545138328.8533
14.8524	8.7316	4.7038	1545138328.9138
14.8538	8.6983	4.7003	1545138328.9737
14.8539	8.6711	4.6987	1545138329.0333
14.8535	8.6406	4.6968	1545138329.0939
14.8535	8.6101	4.6975	1545138329.1531
14.8547	8.5847	4.7003	1545138329.2134
14.8559	8.553	4.698	1545138329.2734
14.8558	8.524	4.6971	1545138329.3357
14.8554	8.4959	4.6961	1545138329.3931
14.8551	8.466	4.6959	1545138329.4535
14.8562	8.4406	4.6979	1545138329.5129
14.8572	8.4084	4.6949	1545138329.5756
14.857	8.3819	4.6935	1545138329.6331
14.8564	8.353	4.6939	1545138329.6933
14.8555	8.3247	4.6929	1545138329.7534
14.8548	8.2956	4.695	1545138329.8137
14.8546	8.265	4.694	1545138329.873
14.8541	8.236	4.6947	1545138329.9334
14.8536	8.2074	4.6957	1545138329.9932
14.853	8.1777	4.6967	1545138330.0567
14.855	8.1577	4.7015	1545138330.1129
14.8571	8.13	4.6988	1545138330.1731
14.8567	8.1014	4.698	1545138330.2331
14.8563	8.0714	4.6969	1545138330.2929
14.856	8.0419	4.6962	1545138330.3535
14.8566	8.0168	4.6979	1545138330.4136
14.8571	7.992	4.6921	1545138330.4733
14.8558	7.9628	4.6932	1545138330.5359
14.8553	7.9348	4.6917	1545138330.5934
14.8559	7.9003	4.6967	1545138330.6534
14.8556	7.8723	4.6977	1545138330.7136
14.8558	7.8453	4.6945	1545138330.7757
14.8547	7.8184	4.6968	1545138330.8329
14.8543	7.789	4.6962	1545138330.8934
14.8551	7.7555	4.7014	1545138330.9533
14.8549	7.7262	4.702	1545138331.0159
14.8552	7.7018	4.6964	1545138331.0732
14.8541	7.6739	4.6973	1545138331.1333
14.8536	7.6437	4.6957	1545138331.1935
14.8539	7.6126	4.6964	1545138331.2545
14.8533	7.5839	4.694	1545138331.3129
14.852	7.5557	4.6959	1545138331.3736
14.8516	7.5273	4.6951	1545138331.4331
14.8511	7.4987	4.6958	1545138331.4934
14.8512	7.4677	4.6988	1545138331.5531
14.8506	7.4384	4.6982	1545138331.6136
14.8519	7.4173	4.703	1545138331.6735
14.853	7.3899	4.7013	1545138331.7359
14.8528	7.3621	4.7011	1545138331.7932
14.8539	7.329	4.7047	1545138331.8532
14.8528	7.2964	4.6987	1545138331.914
14.8531	7.2741	4.7005	1545138331.9727
14.8536	7.2461	4.697	1545138332.0329
14.8532	7.2163	4.6947	1545138332.0936
14.8546	7.1834	4.6991	1545138332.1534
14.854	7.151	4.6981	1545138332.2162
14.8536	7.1266	4.6934	1545138332.2735
14.8523	7.0985	4.6943	1545138332.3333
14.8519	7.0693	4.6931	1545138332.3931
14.8524	7.0377	4.6962	1545138332.4561
14.8518	7.0094	4.696	1545138332.5132
14.8508	6.9814	4.6992	1545138332.5731
14.8505	6.9522	4.7003	1545138332.6334
14.8501	6.9231	4.7015	1545138332.6958
14.8508	6.8901	4.7063	1545138332.7531
14.8496	6.8576	4.7022	1545138332.8137
14.849	6.8295	4.7023	1545138332.8734
14.8487	6.8007	4.7006	1545138332.9336
14.8483	6.7717	4.7002	1545138332.9931
14.8488	6.7388	4.7031	1545138333.0532
14.8475	6.707	4.6998	1545138333.1131
14.8484	6.6877	4.703	1545138333.1758
14.8496	6.6622	4.6998	1545138333.2332
14.8493	6.6331	4.6992	1545138333.2932
14.8506	6.6007	4.7037	1545138333.3529
14.8495	6.5685	4.6998	1545138333.4163
14.8492	6.5456	4.7019	1545138333.473
14.8498	6.518	4.6991	1545138333.5334
14.8501	6.4869	4.7004	1545138333.5935
14.8497	6.4579	4.6998	1545138333.6533
14.8493	6.428	4.6971	1545138333.7133
14.8487	6.4016	4.6985	1545138333.7733
14.849	6.3737	4.697	1545138333.8336
14.8494	6.3419	4.6998	1545138333.896
14.8492	6.3139	4.7008	1545138333.9537
14.8489	6.2843	4.6991	1545138334.0135
14.8479	6.2544	4.7018	1545138334.0735
14.8484	6.2219	4.6997	1545138334.1368
14.848	6.194	4.7001	1545138334.1933
14.8489	6.1618	4.7038	1545138334.2535
14.8478	6.131	4.7013	1545138334.3132
14.8473	6.1053	4.7033	1545138334.3758
14.848	6.0783	4.7006	1545138334.4333
14.8481	6.0483	4.7016	1545138334.4935
14.8476	6.0199	4.7	1545138334.5534
14.8473	5.9894	4.7002	1545138334.6159
14.8468	5.9627	4.6999	1545138334.6732
14.8469	5.9345	4.6983	1545138334.7331
14.8472	5.9036	4.7006	1545138334.7933
14.847	5.8736	4.7017	1545138334.8558
14.8466	5.845	4.7013	1545138334.9135
14.8469	5.8162	4.7018	1545138334.9736
14.8469	5.7887	4.7029	1545138335.0336
14.8466	5.7579	4.7044	1545138335.0971
14.8469	5.7304	4.7071	1545138335.1539
14.8467	5.7011	4.7054	1545138335.2135
14.8466	5.6702	4.704	1545138335.2739
14.8469	5.6419	4.7013	1545138335.3335
14.8478	5.6128	4.7026	1545138335.3935
14.8476	5.5848	4.7018	1545138335.453
14.8479	5.5557	4.7037	1545138335.5133
14.8481	5.5224	4.7021	1545138335.5756
14.8478	5.4938	4.7018	1545138335.6333
14.8479	5.465	4.7001	1545138335.6932
14.8481	5.4361	4.7023	1545138335.7536
14.8477	5.4059	4.7016	1545138335.816
14.8476	5.3777	4.7021	1545138335.8731
14.8474	5.3478	4.7035	1545138335.9327
14.848	5.3201	4.7002	1545138335.9929
14.8476	5.2909	4.7004	1545138336.0568
14.8479	5.2627	4.702	1545138336.1131
14.8475	5.2335	4.7025	1545138336.1733
14.8475	5.2031	4.702	1545138336.2333
14.8474	5.1743	4.7028	1545138336.2934
14.8471	5.1458	4.7023	1545138336.3533
14.8477	5.1176	4.6991	1545138336.4136
14.8474	5.0893	4.6992	1545138336.4729
14.8478	5.0596	4.7014	1545138336.5359
14.8474	5.0314	4.7026	1545138336.5928
14.848	5.0025	4.7016	1545138336.6533
14.8487	4.9764	4.7049	1545138336.7131
14.8496	4.9436	4.7031	1545138336.7757
14.8495	4.9143	4.704	1545138336.8336
14.8493	4.8856	4.7036	1545138336.8936
14.8502	4.8581	4.6999	1545138336.9534
14.8504	4.8286	4.7009	1545138337.0159
14.8505	4.7984	4.6988	1545138337.073
14.8508	4.7689	4.7	1545138337.1335
14.8505	4.7405	4.6989	1545138337.1929
14.8507	4.711	4.6963	1545138337.2559
14.8513	4.6859	4.6976	1545138337.313
14.8519	4.653	4.6936	1545138337.3734
14.8515	4.6239	4.6918	1545138337.4333
14.8511	4.5949	4.6883	1545138337.4958
14.8524	4.5717	4.675	1545138337.5531
14.8514	4.5448	4.6623	1545138337.6137
14.8497	4.5173	4.6441	1545138337.6733
14.8492	4.4869	4.62	1545138337.736
14.8468	4.461	4.6008	1545138337.793
14.8445	4.437	4.5759	1545138337.853
14.8418	4.4141	4.5529	1545138337.9133
14.8391	4.3877	4.5228	1545138337.9758
14.8344	4.363	4.4982	1545138338.033
14.8287	4.3386	4.4704	1545138338.0928
14.8225	4.3154	4.4393	1545138338.1536
14.8162	4.2927	4.4116	1545138338.2135
14.8094	4.2719	4.3813	1545138338.2731
14.8034	4.2479	4.3434	1545138338.3335
14.7946	4.2252	4.3096	1545138338.3938
14.7846	4.2035	4.2704	1545138338.4559
14.7762	4.1853	4.2306	1545138338.5131
14.7683	4.1711	4.1945	1545138338.5734
14.7571	4.1528	4.1541	1545138338.6331
14.7461	4.1349	4.11	1545138338.6934
14.7325	4.1163	4.0739	1545138338.7529
14.7204	4.1011	4.0388	1545138338.8134
14.7057	4.083	4.0051	1545138338.8742
14.6919	4.0618	3.9682	1545138338.9357
14.6751	4.0405	3.9447	1545138338.9928
14.6579	4.0235	3.9122	1545138339.0528
14.6424	4.0083	3.8867	1545138339.1136
14.6249	3.993	3.8582	1545138339.1735
14.61	3.9814	3.8241	1545138339.2334
14.5929	3.9674	3.796	1545138339.2932
14.5735	3.953	3.7651	1545138339.3531
14.5533	3.9389	3.7366	1545138339.4134
14.5356	3.9287	3.7159	1545138339.473
14.5141	3.9143	3.6961	1545138339.5332
14.4897	3.8998	3.6786	1545138339.5936
14.4669	3.8865	3.6613	1545138339.6536
14.445	3.874	3.6462	1545138339.7135
14.4212	3.8605	3.6293	1545138339.7728
14.3997	3.8502	3.6101	1545138339.8334
14.378	3.839	3.5952	1545138339.8958
14.3543	3.8277	3.5781	1545138339.9531
14.3303	3.8168	3.5582	1545138340.0135
14.3071	3.8073	3.5428	1545138340.0731
14.2828	3.796	3.5298	1545138340.1328
14.2566	3.7855	3.5162	1545138340.1931
14.2314	3.7757	3.5046	1545138340.2542
14.2047	3.7658	3.4905	1545138340.3136
14.1796	3.7572	3.479	1545138340.3759
14.1601	3.7487	3.4637	1545138340.4331
14.1338	3.7362	3.4605	1545138340.4933
14.1072	3.7275	3.4523	1545138340.5534
14.0785	3.7184	3.4441	1545138340.6161
14.0526	3.7093	3.4354	1545138340.6736
14.0257	3.7015	3.4268	1545138340.7328
13.9981	3.6938	3.4209	1545138340.793
13.9696	3.6858	3.4117	1545138340.8559
13.9428	3.6786	3.4005	1545138340.9132
13.916	3.6717	3.3925	1545138340.9735
13.8902	3.664	3.3873	1545138341.0328
13.8685	3.6567	3.376	1545138341.0934
13.8408	3.6487	3.3733	1545138341.1537
13.8137	3.6425	3.3688	1545138341.2141
13.7829	3.6351	3.3677	1545138341.2728
13.7543	3.6258	3.3599	1545138341.3362
13.7302	3.62	3.3584	1545138341.393
13.6993	3.6125	3.3574	1545138341.4532
13.6697	3.6061	3.3509	1545138341.5136
13.6416	3.6003	3.3479	1545138341.5757
13.6125	3.594	3.3454	1545138341.6333
13.5853	3.5855	3.3348	1545138341.6932
13.5568	3.5791	3.3323	1545138341.7535
13.5281	3.5736	3.3309	1545138341.8127
13.498	3.5677	3.3264	1545138341.8731
13.4706	3.563	3.3205	1545138341.9336
13.4428	3.557	3.3151	1545138341.9937
13.4132	3.5499	3.3159	1545138342.0567
13.3854	3.5451	3.312	1545138342.1133
13.3584	3.5406	3.3116	1545138342.1735
13.3271	3.5351	3.3125	1545138342.2332
13.2981	3.5296	3.3105	1545138342.2934
13.2704	3.5244	3.3124	1545138342.353
13.2399	3.5193	3.3077	1545138342.4137
13.2141	3.5153	3.3065	1545138342.4734
13.1837	3.5101	3.3058	1545138342.5328
13.1555	3.5051	3.3034	1545138342.5931
13.1267	3.5	3.3031	1545138342.6535
13.0966	3.4953	3.2973	1545138342.7133
13.0702	3.4915	3.296	1545138342.7733
13.0398	3.4866	3.2954	1545138342.833
13.0101	3.4821	3.2945	1545138342.8934
12.9817	3.4783	3.2917	1545138342.9532
12.9512	3.4738	3.2945	1545138343.016
12.9233	3.4695	3.2945	1545138343.0736
12.8962	3.4656	3.2933	1545138343.1335
12.869	3.4594	3.2917	1545138343.1945
12.84	3.4526	3.2958	1545138343.2562
12.8116	3.4484	3.2928	1545138343.3129
12.7858	3.4448	3.295	1545138343.3728
12.7557	3.4401	3.2955	1545138343.4333
12.7279	3.4326	3.2877	1545138343.4956
12.7011	3.4262	3.2894	1545138343.5533
12.6702	3.4221	3.2817	1545138343.6135
12.644	3.4187	3.2798	1545138343.6735
12.6162	3.4142	3.2743	1545138343.7359
12.5892	3.4101	3.2722	1545138343.7931
12.5588	3.4061	3.2747	1545138343.8529
12.5316	3.4021	3.2777	1545138343.9135
12.5033	3.3979	3.2726	1545138343.9734
12.475	3.3941	3.2725	1545138344.0329
12.4437	3.3903	3.2728	1545138344.0932
12.4133	3.387	3.27	1545138344.1536
12.3841	3.3834	3.2703	1545138344.2163
12.3535	3.3778	3.2743	1545138344.2737
12.3288	3.3701	3.2656	1545138344.3335
12.302	3.3667	3.264	1545138344.3933
12.2719	3.3633	3.2599	1545138344.4562
12.2456	3.3595	3.2628	1545138344.5131
12.2122	3.354	3.2561	1545138344.5735
12.1844	3.3513	3.2513	1545138344.6335
12.1556	3.3481	3.2491	1545138344.6928
12.1266	3.3436	3.2507	1545138344.7527
12.0997	3.3402	3.2515	1545138344.8134
12.0659	3.3354	3.2465	1545138344.8733
12.0374	3.3328	3.2427	1545138344.9362
12.0112	3.3293	3.2479	1545138344.9937
11.9847	3.326	3.2424	1545138345.0535
11.954	3.3232	3.2364	1545138345.1133
11.9249	3.3207	3.234	1545138345.1766
11.8938	3.3163	3.2361	1545138345.233
11.8668	3.3132	3.2284	1545138345.2929
11.8358	3.3108	3.2299	1545138345.3539
11.8085	3.3077	3.2305	1545138345.4158
11.7769	3.3035	3.2261	1545138345.4733
11.7507	3.3019	3.2207	1545138345.5335
11.7234	3.2987	3.2233	1545138345.5934
11.6956	3.296	3.2181	1545138345.6534
11.6646	3.294	3.2128	1545138345.7134
11.6377	3.2926	3.2129	1545138345.7735
11.6066	3.2886	3.2163	1545138345.8332
11.5788	3.2856	3.2075	1545138345.8961
11.5489	3.2841	3.2087	1545138345.9531
11.5228	3.2816	3.2082	1545138346.0129
11.49	3.2778	3.2025	1545138346.0734
11.4626	3.2768	3.196	1545138346.1359
11.4366	3.2741	3.1983	1545138346.1941
11.4099	3.2722	3.1932	1545138346.254
11.3789	3.2711	3.1868	1545138346.3134
11.3504	3.2702	3.1852	1545138346.3758
11.3198	3.2666	3.1881	1545138346.4329
11.2936	3.2644	3.1793	1545138346.4933
11.261	3.2639	3.1831	1545138346.5537
11.2321	3.2627	3.1827	1545138346.6135
11.1997	3.2611	3.1798	1545138346.6731
11.1695	3.2581	3.1813	1545138346.7334
11.1442	3.256	3.1707	1545138346.7928
11.1173	3.256	3.1695	1545138346.8538
11.087	3.2534	3.1704	1545138346.9136
11.0619	3.2516	3.1599	1545138346.9734
11.0352	3.2518	3.16	1545138347.0335
11.0046	3.2495	3.1613	1545138347.0968
10.9783	3.2487	3.1587	1545138347.1532
10.9458	3.2488	3.1534	1545138347.2135
10.9189	3.2491	3.1543	1545138347.2734
10.8884	3.2466	3.1579	1545138347.336
10.8641	3.2452	3.1511	1545138347.3929
10.8311	3.2456	3.1559	1545138347.4531
10.8045	3.2447	3.1558	1545138347.5129
10.7725	3.2423	3.1503	1545138347.5735
10.7463	3.2431	3.1447	1545138347.6335
10.7216	3.2418	3.1473	1545138347.6934
10.6929	3.2417	3.1443	1545138347.7532
10.6593	3.2421	3.1373	1545138347.8162
10.6362	3.2412	3.1414	1545138347.8731
10.6054	3.2392	3.1363	1545138347.9329
10.5739	3.2392	3.1371	1545138347.9935
10.5438	3.239	3.1385	1545138348.0556
10.517	3.2387	3.1398	1545138348.1133
10.4917	3.2381	3.1339	1545138348.1729
10.4642	3.2391	3.1354	1545138348.2334
10.4344	3.2374	3.1381	1545138348.2935
10.4055	3.2376	3.1373	1545138348.3537
10.3727	3.2383	3.1309	1545138348.4132
10.3478	3.2378	3.1349	1545138348.4734
10.3179	3.2363	3.1308	1545138348.5327
10.2918	3.238	3.1255	1545138348.593
10.2566	3.239	3.1315	1545138348.6534
10.2291	3.2391	3.1313	1545138348.7131
10.1984	3.2377	3.1275	1545138348.7762
10.1732	3.2399	3.1224	1545138348.8339
10.1517	3.2391	3.1294	1545138348.8934
10.1206	3.2398	3.1317	1545138348.9532
10.0847	3.2407	3.1237	1545138349.014
10.0645	3.2401	3.1333	1545138349.0731
10.0344	3.2383	3.1298	1545138349.1335
10.0008	3.2374	3.1343	1545138349.1935
9.9698	3.2376	3.135	1545138349.2566
9.9412	3.2379	3.1343	1545138349.3135
9.9131	3.238	3.1324	1545138349.3734
9.8806	3.2369	3.1267	1545138349.4334
9.8512	3.236	3.1273	1545138349.496
9.8224	3.2364	3.1259	1545138349.553
9.7933	3.2369	3.1264	1545138349.6132
9.7652	3.2373	3.1266	1545138349.6734
9.7356	3.2364	3.1249	1545138349.7335
9.7054	3.2362	3.1285	1545138349.7928
9.6769	3.2365	3.1308	1545138349.8534
9.6494	3.2366	3.1331	1545138349.9134
9.6191	3.2356	3.1316	1545138349.9764
9.5898	3.2355	3.1331	1545138350.0334
9.5621	3.2356	3.1334	1545138350.0934
9.5326	3.236	3.1347	1545138350.1532
9.5028	3.2362	3.1332	1545138350.2158
9.476	3.2364	3.1339	1545138350.2731
9.4471	3.2354	3.1323	1545138350.3333
9.4169	3.2352	3.1339	1545138350.393
9.3885	3.2353	3.1337	1545138350.4534
9.3631	3.235	3.1364	1545138350.5129
9.335	3.2352	3.1373	1545138350.5731
9.3049	3.2346	3.1384	1545138350.6332
9.2748	3.2345	3.1408	1545138350.696
9.2474	3.2345	3.1422	1545138350.7528
9.219	3.2344	3.1433	1545138350.8132
9.1889	3.2345	3.1443	1545138350.8735
9.1568	3.2332	3.141	1545138350.9359
9.1302	3.232	3.143	1545138350.993
9.1024	3.2319	3.142	1545138351.0534
9.0733	3.232	3.1437	1545138351.1133
9.0428	3.2309	3.1422	1545138351.1729
9.0156	3.23	3.1444	1545138351.2332
8.9878	3.2298	3.1441	1545138351.2932
8.9592	3.2296	3.1459	1545138351.3536
8.9301	3.2295	3.1493	1545138351.4135
8.8997	3.2284	3.1494	1545138351.4735
8.8722	3.2276	3.152	1545138351.5332
8.8444	3.2273	3.1517	1545138351.5935
8.8153	3.227	3.1519	1545138351.6529
8.7873	3.2267	3.1519	1545138351.7129
8.7594	3.2264	3.1514	1545138351.7734
8.7297	3.2256	3.1509	1545138351.8329
8.7007	3.2246	3.1527	1545138351.8959
8.6731	3.2243	3.1538	1545138351.9533
8.644	3.2239	3.1563	1545138352.0133
8.6148	3.2235	3.1571	1545138352.0731
8.5862	3.2222	3.1563	1545138352.1335
8.5567	3.2209	3.1593	1545138352.1928
8.5282	3.2204	3.1599	1545138352.253
8.5	3.2198	3.1621	1545138352.3132
8.4699	3.2191	3.164	1545138352.3759
8.4404	3.2174	3.1618	1545138352.433
8.4124	3.2163	3.1625	1545138352.493
8.3826	3.2156	3.163	1545138352.5531
8.3543	3.2148	3.1613	1545138352.6135
8.3277	3.2141	3.1637	1545138352.6735
8.2989	3.2131	3.1635	1545138352.7333
8.2689	3.2116	3.1669	1545138352.7934
8.2411	3.2107	3.1659	1545138352.8529
8.215	3.2099	3.1694	1545138352.913
8.1848	3.209	3.1722	1545138352.9734
8.1549	3.207	3.1712	1545138353.0333
8.127	3.2055	3.1741	1545138353.0935
8.0977	3.2045	3.1759	1545138353.153
8.0689	3.2033	3.1739	1545138353.2134
8.042	3.2023	3.1752	1545138353.2734
8.0128	3.2011	3.1743	1545138353.3358
7.9833	3.1991	3.1768	1545138353.3929
7.9549	3.1978	3.1749	1545138353.453
7.9294	3.1968	3.1775	1545138353.5128
7.8979	3.1955	3.1807	1545138353.5757
7.8692	3.1933	3.1802	1545138353.6329
7.8412	3.1917	3.1826	1545138353.6934
7.8116	3.1904	3.1847	1545138353.7534
7.7823	3.1887	3.1816	1545138353.8137
7.757	3.1876	3.1844	1545138353.8728
7.728	3.1863	3.1856	1545138353.9335
7.6982	3.1841	3.1885	1545138353.9934
7.6676	3.1826	3.1878	1545138354.0537
7.6396	3.1808	3.1865	1545138354.113
7.6096	3.1787	3.1882	1545138354.1735
7.5799	3.1774	3.1878	1545138354.2333
7.5502	3.1757	3.1872	1545138354.2959
7.5214	3.1739	3.1877	1545138354.3535
7.4926	3.1726	3.1873	1545138354.4134
7.4643	3.1707	3.1855	1545138354.4734
7.4344	3.1688	3.1869	1545138354.5334
7.4049	3.1675	3.1863	1545138354.5932
7.3743	3.1661	3.1873	1545138354.6534
7.3458	3.1648	3.1877	1545138354.7128
7.3159	3.1634	3.1874	1545138354.7735
7.287	3.1621	3.1874	1545138354.8326
7.2588	3.1609	3.1855	1545138354.8934
7.229	3.1594	3.1856	1545138354.9531
7.1976	3.1579	3.1835	1545138355.0158
7.1704	3.1567	3.182	1545138355.0734
7.1407	3.1554	3.182	1545138355.1334
7.1122	3.1542	3.1812	1545138355.1934
7.0839	3.1531	3.1784	1545138355.2568
7.0557	3.1518	3.1794	1545138355.313
7.0271	3.1508	3.1793	1545138355.3734
6.999	3.1497	3.1767	1545138355.4333
6.969	3.1486	3.1763	1545138355.4959
6.9418	3.1477	3.1762	1545138355.5534
6.9137	3.1467	3.1742	1545138355.6135
6.8849	3.1457	3.1732	1545138355.6733
6.8553	3.1448	3.1712	1545138355.7328
6.8268	3.144	3.1689	1545138355.7931
6.7974	3.1433	3.1672	1545138355.8534
6.7691	3.1425	3.1659	1545138355.9135
6.7385	3.1418	3.1633	1545138355.9759
6.7104	3.1412	3.1617	1545138356.0329
6.6809	3.1407	3.1588	1545138356.0934
6.6514	3.1402	3.1569	1545138356.1531
6.622	3.1398	3.1552	1545138356.2136
6.5937	3.1395	3.1529	1545138356.2732
6.5648	3.1392	3.1514	1545138356.3334
6.5358	3.1389	3.1501	1545138356.3934
6.5059	3.1387	3.1491	1545138356.4534
6.4753	3.1384	3.1469	1545138356.5137
6.4468	3.1383	3.1446	1545138356.5734
6.4171	3.1382	3.1424	1545138356.6326
6.3875	3.1382	3.1407	1545138356.6936
6.3585	3.1383	3.1386	1545138356.7531
6.329	3.1384	3.1368	1545138356.8145
6.3005	3.1385	3.1356	1545138356.8726
6.2705	3.1387	3.1346	1545138356.9358
6.2425	3.1389	3.1345	1545138356.9936
6.2061	3.1376	3.1389	1545138357.0529
6.169	3.1431	3.1314	1545138357.1127
6.1426	3.1479	3.1363	1545138357.1758
6.1136	3.1479	3.1362	1545138357.233
6.0842	3.1481	3.1351	1545138357.2942
6.056	3.1483	3.134	1545138357.3532
6.0233	3.1507	3.1311	1545138357.4158
5.996	3.154	3.1349	1545138357.4737
5.9695	3.1543	3.1338	1545138357.5334
5.9398	3.1556	3.1325	1545138357.5927
5.9123	3.1573	3.1362	1545138357.6529
5.8838	3.1574	3.1379	1545138357.7132
5.8539	3.158	3.1388	1545138357.7734
5.8258	3.1586	3.1413	1545138357.8332
5.7962	3.1586	3.1426	1545138357.8959
5.7678	3.159	3.1427	1545138357.953
5.7389	3.1591	3.1432	1545138358.0134
5.7098	3.159	3.1428	1545138358.0731
5.6794	3.1591	3.142	1545138358.137
5.6511	3.1587	3.1403	1545138358.1934
5.6217	3.1588	3.1397	1545138358.253
5.5929	3.1585	3.14	1545138358.3145
5.5635	3.158	3.1389	1545138358.3757
5.5351	3.158	3.1397	1545138358.4329
5.5067	3.1578	3.1407	1545138358.4934
5.4772	3.1571	3.14	1545138358.5544
5.4479	3.1571	3.1416	1545138358.6136
5.4198	3.1567	3.1429	1545138358.6731
5.3908	3.1558	3.1416	1545138358.7334
5.3608	3.1557	3.1432	1545138358.7944
5.3343	3.1552	3.1452	1545138358.8529
5.3046	3.1541	3.1436	1545138358.913
5.275	3.1539	3.144	1545138358.9734
5.2469	3.1535	3.1446	1545138359.0352
5.2177	3.1522	3.1416	1545138359.0934
5.1883	3.1521	3.1428	1545138359.153
5.1618	3.1515	3.1449	1545138359.2134
5.1317	3.1503	3.1434	1545138359.2739
5.1019	3.1501	3.1457	1545138359.3362
5.0765	3.1494	3.1484	1545138359.3936
5.0469	3.1479	3.1467	1545138359.4527
5.0176	3.1477	3.1473	1545138359.5128
4.9909	3.147	3.1497	1545138359.5733
4.9622	3.1452	3.1471	1545138359.633
4.932	3.1448	3.1484	1545138359.693
4.9049	3.1442	3.1496	1545138359.7531
4.8748	3.1424	3.1451	1545138359.8133
4.8449	3.1422	3.1445	1545138359.8733
4.8182	3.1416	3.1446	1545138359.9331
4.7883	3.1402	3.1407	1545138359.9934
4.7582	3.14	3.1403	1545138360.0528
4.7309	3.1396	3.1408	1545138360.113
4.7021	3.1381	3.1363	1545138360.1734
4.6717	3.138	3.1364	1545138360.2329
4.6436	3.1377	3.1371	1545138360.2962
4.6149	3.1362	3.1324	1545138360.3535
4.5844	3.1362	3.1327	1545138360.4136
4.5578	3.1359	3.133	1545138360.4734
4.5282	3.1347	3.1279	1545138360.5333
4.4974	3.1349	3.1269	1545138360.5937
4.4701	3.1349	3.1254	1545138360.6533
4.441	3.1338	3.118	1545138360.7133
4.4102	3.1342	3.1167	1545138360.7738
4.3835	3.1345	3.1155	1545138360.8331
4.3545	3.1336	3.1082	1545138360.8934
4.3236	3.1343	3.1066	1545138360.9534
4.2967	3.1349	3.1045	1545138361.0159
4.2679	3.1344	3.0976	1545138361.0734
4.2371	3.1354	3.0961	1545138361.1334
4.2104	3.1362	3.0953	1545138361.1934
4.1816	3.136	3.0887	1545138361.253
4.1515	3.1374	3.0864	1545138361.313
4.1246	3.1386	3.0834	1545138361.373
4.0961	3.1386	3.0739	1545138361.4332
4.064	3.1404	3.0697	1545138361.496
4.0395	3.142	3.0653	1545138361.5531
4.011	3.1425	3.0544	1545138361.6128
3.9809	3.1447	3.0501	1545138361.6733
3.9549	3.1469	3.0448	1545138361.7334
3.9271	3.1482	3.0334	1545138361.7933
3.8974	3.1511	3.0276	1545138361.8534
3.8717	3.1539	3.0222	1545138361.9128
3.843	3.1561	3.0109	1545138361.9756
3.8157	3.1597	3.0036	1545138362.0333
3.7907	3.1621	2.9981	1545138362.0934
3.7637	3.1652	2.9855	1545138362.1529
3.7365	3.1696	2.9747	1545138362.2134
3.7116	3.1733	2.9671	1545138362.2735
3.6861	3.1773	2.9524	1545138362.3333
3.6591	3.1826	2.9385	1545138362.3933
3.6343	3.1875	2.9255	1545138362.4568
3.6105	3.1926	2.9091	1545138362.5128
3.5847	3.1989	2.8914	1545138362.5733
3.5616	3.2049	2.8752	1545138362.6333
3.538	3.2114	2.8533	1545138362.6934
3.5155	3.2183	2.8356	1545138362.7529
3.4908	3.2264	2.815	1545138362.8128
3.4665	3.2349	2.7922	1545138362.8736
3.442	3.2441	2.7666	1545138362.936
3.4201	3.2531	2.7396	1545138362.9928
3.3997	3.2626	2.708	1545138363.0533
3.379	3.2727	2.6728	1545138363.1133
3.3549	3.2838	2.6308	1545138363.1767
3.3365	3.2945	2.5914	1545138363.2335
3.3183	3.3062	2.549	1545138363.2933
3.2986	3.3152	2.4989	1545138363.3533
3.2814	3.3269	2.4551	1545138363.4127
3.2659	3.3402	2.4059	1545138363.4733
3.2514	3.354	2.3553	1545138363.533
3.2377	3.3685	2.3049	1545138363.5932
3.2243	3.3841	2.2535	1545138363.656
3.2125	3.3992	2.2042	1545138363.7131
3.2011	3.4156	2.1543	1545138363.7732
3.1905	3.4327	2.1054	1545138363.8333
3.18	3.4514	2.0552	1545138363.8959
3.1713	3.4688	2.0105	1545138363.9531
3.163	3.4877	1.9655	1545138364.0133
3.1554	3.5071	1.92	1545138364.0733
3.145	3.5259	1.8716	1545138364.1328
3.1372	3.5465	1.832	1545138364.1929
3.1319	3.5672	1.7912	1545138364.2529
3.1276	3.5885	1.7516	1545138364.313
3.1239	3.6112	1.7121	1545138364.3757
3.1213	3.6324	1.6779	1545138364.4328
3.1192	3.6552	1.6431	1545138364.4933
3.1179	3.678	1.6135	1545138364.5528
3.1173	3.7019	1.5834	1545138364.6158
3.1172	3.7267	1.559	1545138364.6727
3.1179	3.7519	1.5371	1545138364.7333
3.1189	3.7778	1.5183	1545138364.7936
3.1207	3.804	1.5015	1545138364.856
3.1226	3.8301	1.4876	1545138364.9131
3.125	3.8571	1.4747	1545138364.9734
3.1279	3.884	1.4642	1545138365.0333
3.1275	3.9067	1.4498	1545138365.0933
3.1281	3.9319	1.4477	1545138365.1529
3.1316	3.9595	1.4434	1545138365.2132
3.1353	3.9887	1.4417	1545138365.2733
3.139	4.0166	1.4421	1545138365.3333
3.1404	4.0416	1.4395	1545138365.393
3.1412	4.0683	1.4486	1545138365.4533
3.1445	4.0954	1.4563	1545138365.5133
3.1476	4.1236	1.467	1545138365.5757
3.1502	4.15	1.4759	1545138365.6332
3.1526	4.1769	1.484	1545138365.6935
3.1548	4.204	1.4911	1545138365.7528
3.1514	4.2235	1.5033	1545138365.8156
3.1493	4.2477	1.5017	1545138365.8735
3.1513	4.2763	1.5053	1545138365.9333
3.1525	4.3036	1.5055	1545138365.9935
3.1539	4.3314	1.5075	1545138366.0535
3.1541	4.3535	1.5125	1545138366.1129
3.1537	4.3799	1.5089	1545138366.1735
3.1554	4.4088	1.5117	1545138366.2334
3.1574	4.4379	1.5154	1545138366.2933
3.1584	4.466	1.5202	1545138366.353
3.1589	4.4882	1.5298	1545138366.4133
3.1584	4.5138	1.5322	1545138366.4731
3.1593	4.542	1.5411	1545138366.5335
3.1601	4.5696	1.5469	1545138366.5929
3.1602	4.596	1.5523	1545138366.6533
3.1597	4.6228	1.5514	1545138366.7132
3.1602	4.6532	1.5534	1545138366.776
3.1608	4.6813	1.5535	1545138366.8336
3.1613	4.7108	1.5532	1545138366.8931
3.1612	4.7425	1.5497	1545138366.9533
3.1608	4.7683	1.552	1545138367.0159
3.1611	4.7942	1.5491	1545138367.0731
3.1616	4.8242	1.546	1545138367.1333
3.1617	4.856	1.5479	1545138367.1933
3.1622	4.8822	1.55	1545138367.2539
3.1619	4.9081	1.5476	1545138367.313
3.1624	4.9382	1.5507	1545138367.3735
3.1627	4.9655	1.553	1545138367.433
3.1632	4.995	1.5542	1545138367.4957
3.1628	5.0255	1.5512	1545138367.5536
3.1625	5.0522	1.5535	1545138367.6135
3.1628	5.0794	1.5515	1545138367.6733
3.1639	5.1093	1.553	1545138367.7359
3.1645	5.1371	1.5522	1545138367.7934
3.1647	5.1681	1.5489	1545138367.8533
3.1646	5.1932	1.5506	1545138367.9137
3.1651	5.2211	1.549	1545138367.9727
3.1656	5.2499	1.5485	1545138368.0333
3.1657	5.2813	1.553	1545138368.0938
3.1661	5.3102	1.5541	1545138368.1533
3.1663	5.3363	1.5573	1545138368.2134
3.1662	5.3631	1.5568	1545138368.2734
3.1665	5.3921	1.5595	1545138368.3333
3.1668	5.4213	1.5599	1545138368.3931
3.1667	5.4537	1.5566	1545138368.4558
3.1666	5.478	1.5577	1545138368.5131
3.167	5.5066	1.5566	1545138368.5728
3.1673	5.5364	1.5532	1545138368.6337
3.1674	5.5675	1.5541	1545138368.6934
3.1679	5.5962	1.5521	1545138368.7533
3.1684	5.6236	1.5522	1545138368.8133
3.1687	5.6513	1.5519	1545138368.8733
3.1691	5.6803	1.555	1545138368.9338
3.1695	5.7096	1.557	1545138368.9934
3.1696	5.7393	1.5564	1545138369.0533
3.1698	5.7653	1.559	1545138369.1127
3.1701	5.794	1.5601	1545138369.1729
3.1703	5.8233	1.5584	1545138369.2329
3.1704	5.8534	1.5604	1545138369.293
3.1707	5.8825	1.5602	1545138369.3533
3.1709	5.912	1.5581	1545138369.4133
3.1712	5.9383	1.558	1545138369.4729
3.1716	5.9672	1.5573	1545138369.5334
3.1719	5.9965	1.5572	1545138369.5932
3.1722	6.0272	1.5557	1545138369.6561
3.1726	6.0529	1.5576	1545138369.7133
3.1729	6.083	1.5598	1545138369.7737
3.1732	6.1116	1.5597	1545138369.8334
3.1734	6.1406	1.5618	1545138369.8938
3.1736	6.1693	1.5643	1545138369.9535
3.1738	6.1991	1.5646	1545138370.0133
3.1743	6.229	1.5689	1545138370.0732
3.1752	6.2534	1.5632	1545138370.1334
3.1754	6.283	1.5651	1545138370.1935
3.1756	6.3125	1.5631	1545138370.2542
3.1767	6.332	1.5646	1545138370.3128
3.1769	6.3608	1.5629	1545138370.3729
3.1773	6.3877	1.5599	1545138370.4328
3.1778	6.4169	1.5638	1545138370.4933
3.178	6.4464	1.5639	1545138370.5533
3.1769	6.4879	1.5622	1545138370.6166
3.177	6.5155	1.5679	1545138370.6729
3.1764	6.5445	1.5724	1545138370.7333
3.1759	6.5703	1.5696	1545138370.793
3.1763	6.6004	1.5674	1545138370.8558
3.1749	6.6357	1.5644	1545138370.9136
3.174	6.6657	1.5683	1545138370.9731
3.1733	6.6952	1.5717	1545138371.0331
3.1724	6.7222	1.5661	1545138371.0969
3.1727	6.7497	1.5634	1545138371.153
3.1711	6.7855	1.5603	1545138371.2135
3.169	6.8164	1.5655	1545138371.2733
3.1684	6.8452	1.5695	1545138371.3333
3.1659	6.8715	1.5648	1545138371.3929
3.1665	6.9	1.5634	1545138371.4534
3.1647	6.9352	1.5615	1545138371.5129
3.1617	6.9667	1.5664	1545138371.5757
3.1611	6.9948	1.5697	1545138371.6328
3.1575	7.0202	1.5627	1545138371.6934
3.1582	7.0497	1.5598	1545138371.7533
3.1586	7.0793	1.5593	1545138371.8138
3.157	7.1145	1.5559	1545138371.8734
3.1536	7.1438	1.5592	1545138371.9335
3.1523	7.171	1.5551	1545138371.9933
3.1533	7.2016	1.5532	1545138372.057
3.1511	7.2222	1.5591	1545138372.113
3.1505	7.2539	1.5565	1545138372.1728
3.1456	7.289	1.5564	1545138372.2329
3.1431	7.3204	1.5639	1545138372.2931
3.1387	7.3437	1.5547	1545138372.3534
3.1393	7.3734	1.5562	1545138372.4139
3.1396	7.4034	1.5543	1545138372.4734
3.1391	7.433	1.5529	1545138372.536
3.1392	7.4613	1.5546	1545138372.593
3.1373	7.4859	1.5486	1545138372.6533
3.1379	7.5149	1.5481	1545138372.7128
3.1384	7.5453	1.5465	1545138372.7766
3.138	7.5727	1.5479	1545138372.8329
3.1389	7.6021	1.5487	1545138372.8934
3.1396	7.6306	1.5491	1545138372.9534
3.1404	7.6602	1.5548	1545138373.0138
3.1408	7.6884	1.5567	1545138373.0736
3.1407	7.7163	1.5623	1545138373.1333
3.1422	7.7471	1.5624	1545138373.1938
3.142	7.7735	1.5601	1545138373.2531
3.1428	7.8026	1.5578	1545138373.313
3.1436	7.8314	1.5566	1545138373.3735
3.1436	7.8593	1.5608	1545138373.4329
3.1439	7.8877	1.5583	1545138373.4956
3.1446	7.9161	1.5547	1545138373.5529
3.144	7.9431	1.5576	1545138373.6133
3.1435	7.9733	1.557	1545138373.6727
3.1435	8.0017	1.563	1545138373.7337
3.1434	8.0273	1.5624	1545138373.7933
3.1437	8.0559	1.5626	1545138373.8533
3.1441	8.0848	1.5663	1545138373.9145
3.1443	8.1136	1.5671	1545138373.9728
3.1438	8.1428	1.5681	1545138374.0329
3.1435	8.1733	1.5705	1545138374.0935
3.1439	8.2021	1.5669	1545138374.1534
3.1421	8.223	1.571	1545138374.2159
3.1389	8.2511	1.5681	1545138374.2733
3.1384	8.2796	1.5719	1545138374.3333
3.1391	8.3121	1.5693	1545138374.3933
3.1394	8.3405	1.5661	1545138374.4558
3.1392	8.364	1.5678	1545138374.5139
3.1375	8.3923	1.5647	1545138374.5733
3.137	8.4206	1.5689	1545138374.6339
3.1373	8.4493	1.5693	1545138374.696
3.1375	8.4774	1.5686	1545138374.753
3.1379	8.5071	1.5692	1545138374.8133
3.1399	8.5335	1.5742	1545138374.8735
3.1387	8.5642	1.5725	1545138374.9361
3.1389	8.5928	1.5731	1545138374.9929
3.1386	8.6227	1.5757	1545138375.0533
3.1386	8.6514	1.5769	1545138375.1133
3.14	8.6801	1.5811	1545138375.1767
3.1386	8.7088	1.5789	1545138375.2333
3.1374	8.7407	1.5827	1545138375.2937
3.1374	8.7703	1.5787	1545138375.3533
3.1372	8.7992	1.5794	1545138375.4159
3.1376	8.8276	1.583	1545138375.4727
3.1363	8.8566	1.5803	1545138375.5335
3.1349	8.8876	1.5848	1545138375.5931
3.1346	8.9166	1.5848	1545138375.6526
3.1345	8.9467	1.585	1545138375.7138
3.1337	8.9757	1.5848	1545138375.773
3.133	9.0035	1.5883	1545138375.8331
3.1328	9.0315	1.587	1545138375.896
3.1326	9.0588	1.5851	1545138375.953
3.1319	9.0869	1.5864	1545138376.0133
3.1328	9.1156	1.5892	1545138376.0738
3.1321	9.1463	1.5875	1545138376.1331
3.131	9.1715	1.5926	1545138376.1929
3.131	9.1954	1.591	1545138376.2533
3.1305	9.2243	1.5929	1545138376.3133
3.1306	9.2542	1.5958	1545138376.3763
3.1295	9.2845	1.5945	1545138376.4329
3.1278	9.318	1.601	1545138376.4935
3.1284	9.349	1.5946	1545138376.5543
3.1268	9.3726	1.5994	1545138376.6163
3.1267	9.4008	1.6007	1545138376.6736
3.1255	9.4321	1.5997	1545138376.7332
3.1238	9.4646	1.6048	1545138376.7932
3.1243	9.4961	1.5992	1545138376.8534
3.1225	9.5166	1.6051	1545138376.9133
3.1216	9.5446	1.6056	1545138376.9728
3.1201	9.5761	1.6047	1545138377.0341
3.1183	9.6082	1.6099	1545138377.0959
3.1174	9.6352	1.6089	1545138377.153
3.1156	9.6601	1.6127	1545138377.2134
3.1125	9.689	1.6113	1545138377.274
3.1113	9.7188	1.6154	1545138377.3335
3.1099	9.7479	1.6155	1545138377.393
3.1099	9.7803	1.6107	1545138377.4532
3.1088	9.8034	1.6137	1545138377.513
3.1077	9.8343	1.6204	1545138377.5729
3.1033	9.8634	1.6151	1545138377.633
3.1022	9.8916	1.6148	1545138377.6931
3.1012	9.9199	1.6122	1545138377.7533
3.1003	9.9499	1.6114	1545138377.8135
3.0997	9.9776	1.6137	1545138377.8734
3.0985	10.0071	1.6195	1545138377.9336
3.0968	10.037	1.6239	1545138377.9933
3.0958	10.0695	1.6265	1545138378.057
3.0945	10.0892	1.6332	1545138378.113
3.0928	10.1199	1.6416	1545138378.173
3.0872	10.1465	1.6361	1545138378.233
3.0854	10.1758	1.6358	1545138378.2964
3.0838	10.2036	1.6322	1545138378.353
3.0824	10.2337	1.6298	1545138378.4133
3.0823	10.2604	1.631	1545138378.4734
3.0805	10.2898	1.6302	1545138378.5363
3.0783	10.3197	1.6328	1545138378.5933
3.0767	10.3474	1.634	1545138378.6532
3.0744	10.3708	1.6396	1545138378.7132
3.0722	10.3999	1.6503	1545138378.7728
3.0667	10.4261	1.6479	1545138378.8329
3.064	10.4554	1.6532	1545138378.8929
3.0633	10.4893	1.6488	1545138378.953
3.0618	10.5148	1.6502	1545138379.0161
3.0591	10.5453	1.6557	1545138379.0731
3.0538	10.5716	1.6482	1545138379.1336
3.051	10.601	1.6504	1545138379.1932
3.05	10.6354	1.6454	1545138379.2564
3.05	10.6555	1.6537	1545138379.3129
3.0467	10.6895	1.6504	1545138379.3732
3.044	10.7162	1.6496	1545138379.4328
3.0412	10.7465	1.6492	1545138379.4937
3.038	10.7758	1.6539	1545138379.5531
3.0355	10.7934	1.6641	1545138379.6142
3.0318	10.8264	1.6654	1545138379.6737
3.0289	10.8529	1.6691	1545138379.7337
3.0258	10.8819	1.6713	1545138379.7931
3.0233	10.9106	1.6668	1545138379.853
3.0208	10.9322	1.6712	1545138379.9132
3.0136	10.9592	1.6618	1545138379.9732
3.0112	10.9871	1.6621	1545138380.033
3.0062	11.0212	1.6661	1545138380.0933
3.0039	11.0495	1.663	1545138380.1534
3.0012	11.0782	1.6642	1545138380.2129
2.9976	11.1072	1.6714	1545138380.2731
2.9913	11.1329	1.666	1545138380.3332
2.9868	11.1644	1.6726	1545138380.3932
2.9843	11.1943	1.6696	1545138380.4556
2.9817	11.2153	1.6742	1545138380.5129
2.9764	11.2416	1.6696	1545138380.5732
2.9735	11.2734	1.6677	1545138380.6333
2.9694	11.3071	1.6713	1545138380.6959
2.9668	11.335	1.6684	1545138380.7528
2.9654	11.3674	1.6645	1545138380.8135
2.9658	11.3912	1.6684	1545138380.8728
2.9619	11.4202	1.6745	1545138380.9336
2.959	11.4479	1.676	1545138380.9935
2.9564	11.4764	1.6743	1545138381.0532
2.9529	11.5074	1.6745	1545138381.1143
2.9487	11.5355	1.6797	1545138381.1729
2.9492	11.5641	1.6724	1545138381.2333
2.9485	11.5983	1.6809	1545138381.2933
2.9455	11.6273	1.6782	1545138381.3531
2.9433	11.6504	1.6833	1545138381.4159
2.938	11.682	1.6808	1545138381.4736
2.937	11.7093	1.6786	1545138381.5332
2.9351	11.7436	1.6843	1545138381.5942
2.9329	11.7755	1.6782	1545138381.6562
2.933	11.793	1.685	1545138381.7132
2.9276	11.8253	1.6804	1545138381.7727
2.9248	11.8545	1.6798	1545138381.8332
2.9222	11.8869	1.6831	1545138381.8928
2.9208	11.9211	1.674	1545138381.9536
2.9182	11.9423	1.681	1545138382.0132
2.9142	11.9721	1.6808	1545138382.0732
2.9099	12.0017	1.6882	1545138382.1367
2.907	12.0261	1.6867	1545138382.1936
2.9038	12.0549	1.6853	1545138382.2532
2.9007	12.0861	1.6829	1545138382.3133
2.899	12.1138	1.6834	1545138382.3732
2.8938	12.1451	1.6751	1545138382.4326
2.89	12.1767	1.6746	1545138382.493
2.8894	12.2111	1.6643	1545138382.5532
2.8895	12.2369	1.6664	1545138382.616
2.8857	12.2628	1.671	1545138382.6731
2.8834	12.2926	1.6689	1545138382.7335
2.8806	12.3209	1.6702	1545138382.7932
2.8788	12.355	1.6655	1545138382.8559
2.8774	12.3728	1.6715	1545138382.9128
2.8716	12.4029	1.6672	1545138382.9733
2.868	12.4305	1.6732	1545138383.0332
2.865	12.4599	1.673	1545138383.0956
2.8641	12.4937	1.6644	1545138383.1528
2.8625	12.515	1.6653	1545138383.2132
2.8601	12.5444	1.6615	1545138383.274
2.8599	12.5706	1.653	1545138383.3335
2.8587	12.6057	1.6587	1545138383.3937
2.8562	12.634	1.6566	1545138383.4532
2.8537	12.663	1.6547	1545138383.5132
2.8509	12.6929	1.6538	1545138383.5735
2.8503	12.7196	1.6512	1545138383.633
2.8487	12.7523	1.6572	1545138383.6939
2.8462	12.7807	1.6577	1545138383.753
2.8436	12.8103	1.6584	1545138383.8159
2.8403	12.8386	1.6558	1545138383.8732
2.8393	12.8658	1.6521	1545138383.9332
2.8375	12.8987	1.6532	1545138383.9932
2.8351	12.9286	1.65	1545138384.0533
2.8319	12.9545	1.6515	1545138384.1128
2.826	12.9914	1.6446	1545138384.1733
2.8239	13.0201	1.6424	1545138384.2333
2.8218	13.0505	1.6394	1545138384.2964
2.8185	13.0747	1.6405	1545138384.3529
2.816	13.1026	1.636	1545138384.4133
2.8127	13.1368	1.6327	1545138384.4732
2.8108	13.1674	1.6316	1545138384.536
2.8089	13.1964	1.6312	1545138384.5932
2.8071	13.2253	1.6313	1545138384.6531
2.8053	13.2564	1.6299	1545138384.7132
2.8028	13.2852	1.6243	1545138384.7758
2.7968	13.3153	1.6286	1545138384.8334
2.794	13.3421	1.6234	1545138384.8941
2.7925	13.3711	1.6226	1545138384.9529
2.79	13.4051	1.6176	1545138385.016
2.7857	13.4332	1.6196	1545138385.073
2.7835	13.4606	1.6126	1545138385.1332
2.7823	13.4896	1.6106	1545138385.1932
2.7801	13.5155	1.612	1545138385.2532
2.7786	13.5422	1.608	1545138385.3129
2.7762	13.5764	1.6045	1545138385.3734
2.7724	13.6059	1.6097	1545138385.4334
2.7708	13.6327	1.607	1545138385.4959
2.7698	13.6607	1.6066	1545138385.5531
2.7684	13.6883	1.6067	1545138385.6142
2.767	13.7163	1.6029	1545138385.6732
2.7661	13.7468	1.6009	1545138385.7361
2.7653	13.7748	1.5987	1545138385.7936
2.7645	13.8043	1.5958	1545138385.8532
2.7638	13.8408	1.5914	1545138385.9132
2.7612	13.8729	1.5972	1545138385.9758
2.7598	13.8983	1.5935	1545138386.0336
2.7591	13.9272	1.595	1545138386.0942
2.7584	13.9558	1.5957	1545138386.1533
2.7575	13.9897	1.5946	1545138386.216
2.7542	14.0201	1.6013	1545138386.2736
2.7522	14.0456	1.5949	1545138386.3335
2.7514	14.074	1.5936	1545138386.3932
2.7508	14.1035	1.5912	1545138386.4556
2.7501	14.1362	1.5874	1545138386.5129
2.7461	14.1673	1.5928	1545138386.5732
2.7441	14.1931	1.5843	1545138386.6332
2.7433	14.2252	1.5817	1545138386.6937
2.743	14.254	1.5806	1545138386.7528
2.7401	14.2802	1.5842	1545138386.8141
2.7362	14.3152	1.5797	1545138386.8732
2.7359	14.3454	1.5805	1545138386.9336
2.7356	14.3734	1.5801	1545138386.9929
2.7353	14.4029	1.5801	1545138387.0532
2.7327	14.4255	1.5834	1545138387.1132
2.7288	14.4627	1.5781	1545138387.1732
2.7286	14.4907	1.576	1545138387.2329
2.7286	14.5203	1.5746	1545138387.2935
2.7285	14.5503	1.5728	1545138387.354
2.7284	14.5815	1.5704	1545138387.4158
2.7232	14.6092	1.5763	1545138387.473
2.7214	14.6336	1.5695	1545138387.5332
2.7216	14.6627	1.5719	1545138387.5932
2.7216	14.6927	1.5723	1545138387.6559
2.7204	14.7154	1.5746	1545138387.7132
2.7149	14.753	1.5681	1545138387.773
2.715	14.7821	1.5674	1545138387.8331
2.713	14.8059	1.5702	1545138387.8934
2.7125	14.8336	1.5661	1545138387.9528
2.7129	14.863	1.5629	1545138388.0133
2.7118	14.8981	1.5587	1545138388.0734
2.7119	14.9304	1.5604	1545138388.1369
2.7122	14.9584	1.5607	1545138388.1935
2.7128	14.9875	1.5587	1545138388.2545
2.7134	15.0157	1.5604	1545138388.3132
2.7135	15.048	1.5596	1545138388.3757
2.714	15.0755	1.5593	1545138388.4328
2.7146	15.1044	1.5623	1545138388.4927
2.7148	15.1333	1.5635	1545138388.5533
2.7153	15.163	1.5637	1545138388.6158
2.7154	15.1914	1.5643	1545138388.6732
2.7156	15.2209	1.5653	1545138388.733
2.7158	15.2499	1.5656	1545138388.7936
2.7162	15.279	1.5646	1545138388.8532
2.7164	15.3076	1.5643	1545138388.9127
2.7165	15.3376	1.5639	1545138388.9732
2.713	15.3681	1.5694	1545138389.0332
2.7106	15.3954	1.5646	1545138389.0967
2.711	15.423	1.5626	1545138389.153
2.7089	15.4481	1.5661	1545138389.2132
2.7066	15.4826	1.5619	1545138389.2732
2.7069	15.5115	1.5582	1545138389.336
2.7074	15.5392	1.5579	1545138389.3931
2.7078	15.5688	1.5572	1545138389.453
2.7056	15.594	1.5603	1545138389.5139
2.7042	15.6275	1.5589	1545138389.5736
2.7045	15.6543	1.5573	1545138389.6332
2.705	15.6829	1.5577	1545138389.6929
2.7055	15.7121	1.559	1545138389.7531
2.7041	15.7394	1.5609	1545138389.8165
2.7019	15.7719	1.5566	1545138389.873
2.7024	15.798	1.5525	1545138389.9332
2.7031	15.8278	1.5523	1545138389.9932
2.7014	15.8542	1.5551	1545138390.0568
2.7004	15.8773	1.5502	1545138390.1129
2.7006	15.9082	1.5503	1545138390.1737
2.6986	15.9372	1.5563	1545138390.2338
2.6984	15.9651	1.5551	1545138390.2959
2.699	15.9936	1.5544	1545138390.3534
2.6982	16.0178	1.5585	1545138390.4132
2.6967	16.0511	1.5551	1545138390.4735
2.6973	16.0795	1.5533	1545138390.536
2.6979	16.1079	1.5549	1545138390.5932
2.6977	16.1355	1.5548	1545138390.6532
2.6974	16.162	1.5491	1545138390.7134
2.6977	16.1923	1.5473	1545138390.7733
2.6964	16.2211	1.5498	1545138390.8338
2.6969	16.2498	1.5492	1545138390.8936
2.6977	16.2787	1.5482	1545138390.9531
2.6974	16.3035	1.5524	1545138391.016
2.6963	16.3346	1.5505	1545138391.0728
2.696	16.3656	1.555	1545138391.1332
2.696	16.393	1.5539	1545138391.1927
2.6968	16.422	1.5507	1545138391.253
2.6964	16.4463	1.5521	1545138391.3129
2.6957	16.477	1.5485	1545138391.3728
2.6955	16.508	1.551	1545138391.4332
2.6961	16.5372	1.5498	1545138391.4931
2.6962	16.5629	1.5453	1545138391.5536
2.6966	16.5896	1.5481	1545138391.6137
2.6974	16.619	1.5481	1545138391.6731
2.6964	16.6484	1.5462	1545138391.7331
2.6966	16.6809	1.5506	1545138391.7936
2.6975	16.7092	1.5482	1545138391.8532
2.6971	16.7335	1.5516	1545138391.9134
2.6959	16.763	1.5493	1545138391.9758
2.6953	16.7927	1.5539	1545138392.0332
2.6958	16.8215	1.5533	1545138392.0932
2.6965	16.8502	1.5494	1545138392.1532
2.6966	16.8757	1.5512	1545138392.2158
2.6953	16.904	1.5463	1545138392.273
2.6946	16.9354	1.5489	1545138392.3332
2.6953	16.9642	1.5483	1545138392.3931
2.6962	16.9934	1.5441	1545138392.4531
2.6965	17.0167	1.5463	1545138392.513
2.6972	17.0461	1.5483	1545138392.5732
2.6957	17.0774	1.5456	1545138392.6332
2.6965	17.1063	1.5469	1545138392.6934
2.6965	17.1321	1.5511	1545138392.7528
2.697	17.1607	1.552	1545138392.8131
2.6972	17.1867	1.5491	1545138392.8732
2.6963	17.2194	1.5456	1545138392.9359
2.6957	17.2516	1.5507	1545138392.994
2.6967	17.2803	1.5472	1545138393.0535
2.6962	17.3019	1.5501	1545138393.113
2.6968	17.332	1.5497	1545138393.1766
2.6976	17.3613	1.5511	1545138393.2334
2.6981	17.3888	1.5492	1545138393.2931
2.6987	17.4178	1.5492	1545138393.3532
2.6995	17.4476	1.5507	1545138393.4137
2.7029	17.4624	1.5568	1545138393.4731
2.706	17.4877	1.5492	1545138393.5336
2.707	17.5174	1.5508	1545138393.5931
2.708	17.546	1.5471	1545138393.6531
2.7088	17.5761	1.5464	1545138393.7129
2.7135	17.6039	1.5558	1545138393.7734
2.7156	17.6304	1.5539	1545138393.8341
2.7158	17.6575	1.5557	1545138393.8933
2.7162	17.6843	1.5611	1545138393.9532
2.7171	17.7107	1.5637	1545138394.0135
2.7196	17.7449	1.5617	1545138394.0734
2.7198	17.7744	1.5638	1545138394.1335
2.7195	17.8019	1.5624	1545138394.1931
2.72	17.831	1.5605	1545138394.2536
2.7203	17.8573	1.5616	1545138394.3135
2.7222	17.8863	1.5663	1545138394.3759
2.7228	17.914	1.5663	1545138394.4329
2.7224	17.9412	1.5646	1545138394.4928
2.7224	17.97	1.566	1545138394.5532
2.7223	18.0039	1.5645	1545138394.6159
2.7234	18.0324	1.5683	1545138394.6732
2.7238	18.0608	1.5678	1545138394.7331
2.7234	18.0869	1.5625	1545138394.7932
2.7238	18.1159	1.5626	1545138394.8531
2.7241	18.1446	1.5617	1545138394.913
2.725	18.1735	1.5653	1545138394.9731
2.7244	18.2017	1.5682	1545138395.0331
2.724	18.2318	1.5694	1545138395.0931
2.724	18.2572	1.5699	1545138395.1539
2.7238	18.2788	1.5696	1545138395.2135
2.7234	18.2981	1.5669	1545138395.2731
2.7238	18.318	1.5639	1545138395.3358
2.724	18.329	1.5589	1545138395.3935
2.7246	18.3397	1.5552	1545138395.4531
2.722	18.3449	1.5579	1545138395.5135
2.7221	18.3534	1.5567	1545138395.5759
2.7226	18.3647	1.5553	1545138395.6333
2.7229	18.3718	1.5527	1545138395.6932
2.7233	18.3791	1.5516	1545138395.7533
2.7211	18.384	1.5555	1545138395.8128
2.7216	18.3918	1.5567	1545138395.8728
2.722	18.4034	1.5565	1545138395.9331
2.7227	18.4099	1.5537	1545138395.9943
2.7231	18.418	1.5552	1545138396.0528
2.7211	18.4238	1.558	1545138396.1129
2.7212	18.4309	1.5582	1545138396.1733
2.7215	18.4419	1.5571	1545138396.2332
2.7218	18.4448	1.5531	1545138396.2958
2.7226	18.4449	1.5496	1545138396.3528
2.7228	18.4437	1.5497	1545138396.4141
2.7259	18.4445	1.5527	1545138396.4731
2.722	18.4439	1.5549	1545138396.5362
2.7206	18.4425	1.5529	1545138396.593
2.7201	18.4423	1.5535	1545138396.6531
2.7198	18.4421	1.5538	1545138396.7136
2.7204	18.4418	1.5543	1545138396.7758
2.7203	18.4454	1.5538	1545138396.8336
2.7203	18.4443	1.5524	1545138396.8931
2.7211	18.4438	1.551	1545138396.9532
2.7183	18.4421	1.5526	1545138397.0131
2.7201	18.4415	1.5538	1545138397.0729
2.72	18.4444	1.5532	1545138397.1331
2.72	18.4437	1.5522	1545138397.1931
2.7208	18.4433	1.551	1545138397.2539
2.7181	18.4417	1.5525	1545138397.3137
2.72	18.4411	1.5537	1545138397.3731
2.7199	18.4443	1.553	1545138397.4332
2.7199	18.4438	1.5522	1545138397.4958
2.7207	18.4434	1.5509	1545138397.5528
2.718	18.4417	1.5525	1545138397.6127
2.7199	18.4412	1.5537	1545138397.6731
2.7198	18.4443	1.553	1545138397.7331
2.7204	18.4429	1.5509	1545138397.7933
2.7193	18.4427	1.5529	1545138397.8531
2.7186	18.4422	1.5534	1545138397.9129
2.7199	18.442	1.5542	1545138397.9729
2.7199	18.4452	1.5536	1545138398.0336
2.7198	18.4442	1.5524	1545138398.0931
2.7207	18.4438	1.551	1545138398.1536
2.7179	18.4421	1.5525	1545138398.2131
2.7199	18.4415	1.5538	1545138398.2729
2.7198	18.4446	1.5531	1545138398.3336
2.7198	18.4439	1.5522	1545138398.3927
2.7206	18.4434	1.5509	1545138398.4531
2.7178	18.4418	1.5525	1545138398.5131
2.7199	18.4412	1.5538	1545138398.5741
2.7198	18.4444	1.553	1545138398.6329
2.7198	18.4438	1.5522	1545138398.6931
2.7206	18.4434	1.5509	1545138398.7536
2.7228	18.4419	1.5529	1545138398.8145
2.7233	18.444	1.5522	1545138398.8727
2.7204	18.4441	1.554	1545138398.9362
2.7193	18.4432	1.5526	1545138398.9931
2.7198	18.4426	1.5511	1545138399.0545
2.7178	18.4411	1.5524	1545138399.1131
2.7197	18.4404	1.5536	1545138399.1767
2.7195	18.4441	1.5528	1545138399.2328
2.7195	18.4436	1.5521	1545138399.2931
2.7202	18.4431	1.5509	1545138399.3531
2.7177	18.4416	1.5524	1545138399.4159
2.7197	18.4409	1.5537	1545138399.4729
2.7196	18.4442	1.5529	1545138399.5331
2.7202	18.4428	1.5509	1545138399.5937
2.7192	18.4426	1.5528	1545138399.6566
2.7184	18.4422	1.5533	1545138399.713
2.7198	18.4419	1.5542	1545138399.7731
2.7198	18.4451	1.5536	1545138399.8331
2.7198	18.4441	1.5524	1545138399.8959
2.7206	18.4437	1.551	1545138399.9531
2.7178	18.442	1.5525	1545138400.0132
2.7198	18.4414	1.5538	1545138400.0736
2.7197	18.4445	1.5531	1545138400.1329
2.7197	18.4439	1.5523	1545138400.1935
2.7205	18.4435	1.5509	1545138400.2543
2.7178	18.4419	1.5525	1545138400.3131
2.7169	18.4431	1.552	1545138400.3756
2.7191	18.4439	1.5543	1545138400.4333
2.7193	18.4428	1.5527	1545138400.4931
2.7203	18.4424	1.5512	1545138400.5531
2.718	18.4407	1.5524	1545138400.6136
2.7197	18.4401	1.5535	1545138400.6728
2.7197	18.444	1.5528	1545138400.7331
2.7197	18.4435	1.5522	1545138400.7939
2.7186	18.4434	1.5533	1545138400.8563
2.7182	18.4432	1.5536	1545138400.9131
2.7195	18.4429	1.5545	1545138400.9729
2.7195	18.4456	1.554	1545138401.0331
2.7189	18.4457	1.5545	1545138401.0938
2.7189	18.4457	1.5543	1545138401.1531
2.7187	18.4463	1.5541	1545138401.2135
2.72	18.4468	1.5555	1545138401.2731
2.7202	18.4468	1.5553	1545138401.3358
2.7187	18.4449	1.5529	1545138401.3934
2.7192	18.4441	1.5511	1545138401.4531
2.7173	18.4422	1.5525	1545138401.5136
2.7193	18.4413	1.5538	1545138401.5758
2.7192	18.4447	1.5533	1545138401.6338
2.7192	18.4439	1.5523	1545138401.6931
2.72	18.4434	1.5509	1545138401.7531
2.7188	18.4427	1.5528	1545138401.8131
2.7204	18.4419	1.5539	1545138401.8734
2.7208	18.4449	1.5532	1545138401.9339
2.7208	18.4442	1.5523	1545138401.9933
2.7218	18.4439	1.551	1545138402.0531
2.7184	18.442	1.5526	1545138402.113
2.7203	18.4415	1.5538	1545138402.1735
2.7202	18.4446	1.5531	1545138402.2341
2.719	18.4448	1.5541	1545138402.2946
2.7179	18.4425	1.5512	1545138402.3529
2.7178	18.4428	1.5511	1545138402.4131
2.7202	18.4434	1.5537	1545138402.4731
2.7195	18.4433	1.554	1545138402.5337
2.7187	18.4423	1.5527	1545138402.593
2.7191	18.4417	1.5511	1545138402.6535
2.7176	18.4403	1.5523	1545138402.7135
2.7193	18.4395	1.5534	1545138402.7763
2.7191	18.4437	1.5527	1545138402.8332
2.7191	18.4433	1.5521	1545138402.8931
2.7198	18.4429	1.5509	1545138402.9537
2.7198	18.4429	1.5509	1545138403.0169
2.722	18.4433	1.5533	1545138403.0727
2.7204	18.4431	1.5541	1545138403.1331
2.7196	18.4422	1.5527	1545138403.1931
2.7201	18.4416	1.5512	1545138403.2545
2.7198	18.4426	1.5509	1545138403.313
2.7219	18.4431	1.5532	1545138403.3731
2.7204	18.4429	1.554	1545138403.4336
2.7196	18.4419	1.5527	1545138403.496
2.7201	18.4414	1.5512	1545138403.5531
2.7185	18.4399	1.5524	1545138403.6131
2.7199	18.4392	1.5533	1545138403.6731
