x-coord	y-coord	theta	timestamp
8.8741	20.9932	4.7121	1545134544.2933
8.8741	20.9932	4.7121	1545134544.3534
8.8741	20.9932	4.7121	1545134544.4157
8.8741	20.9932	4.7121	1545134544.4729
8.8741	20.9932	4.7121	1545134544.5333
8.8741	20.9932	4.7121	1545134544.5932
8.8741	20.9932	4.7121	1545134544.6558
8.8741	20.9932	4.7121	1545134544.7129
8.8741	20.9932	4.7121	1545134544.7729
8.8741	20.9932	4.7121	1545134544.833
8.8741	20.9932	4.7121	1545134544.8956
8.8741	20.9932	4.7121	1545134544.9532
8.8741	20.9932	4.7121	1545134545.0135
8.8741	20.9932	4.7121	1545134545.0732
8.8741	20.9932	4.7121	1545134545.1356
8.8741	20.9932	4.7121	1545134545.193
8.8741	20.9932	4.7121	1545134545.2528
8.8741	20.9932	4.7121	1545134545.3127
8.8741	20.9932	4.7121	1545134545.3731
8.8741	20.9932	4.7121	1545134545.4333
8.8741	20.9932	4.7121	1545134545.493
8.8741	20.9932	4.7121	1545134545.5537
8.8741	20.9932	4.7121	1545134545.6161
8.8741	20.9932	4.7121	1545134545.6732
8.8741	20.9932	4.7121	1545134545.7335
8.8741	20.9932	4.7121	1545134545.7936
8.8741	20.9932	4.7121	1545134545.8558
8.8741	20.9932	4.7121	1545134545.9132
8.8741	20.9932	4.7121	1545134545.9727
8.8741	20.9932	4.7121	1545134546.0329
8.8741	20.9932	4.7121	1545134546.0957
8.8741	20.9932	4.7121	1545134546.153
8.8741	20.9932	4.7121	1545134546.2137
8.8741	20.9932	4.7121	1545134546.2737
8.8741	20.9932	4.7121	1545134546.3357
8.8741	20.9932	4.7121	1545134546.393
8.8741	20.9932	4.7121	1545134546.4535
8.8741	20.9932	4.7121	1545134546.5136
8.8741	20.9932	4.7121	1545134546.5757
8.8741	20.9932	4.7121	1545134546.633
8.8741	20.9932	4.7121	1545134546.6932
8.8741	20.9932	4.7121	1545134546.7533
8.8741	20.9932	4.7121	1545134546.8157
8.8741	20.9932	4.7121	1545134546.873
8.8741	20.9932	4.7121	1545134546.9333
8.8741	20.9932	4.7121	1545134546.9934
8.8741	20.9932	4.7121	1545134547.0557
8.8741	20.9932	4.7121	1545134547.1134
8.8741	20.9932	4.7121	1545134547.1734
8.8741	20.9932	4.7121	1545134547.2329
8.8741	20.9932	4.7121	1545134547.2957
8.8741	20.9932	4.7121	1545134547.3531
8.8741	20.9932	4.7121	1545134547.4134
8.8741	20.9932	4.7121	1545134547.4732
8.8741	20.9932	4.7121	1545134547.5357
8.8741	20.9932	4.7121	1545134547.5929
8.8741	20.9932	4.7121	1545134547.6532
8.8741	20.9932	4.7121	1545134547.7135
8.8741	20.9932	4.7121	1545134547.774
8.8741	20.9932	4.7121	1545134547.8333
8.8741	20.9932	4.7121	1545134547.893
8.8741	20.9932	4.7121	1545134547.9535
8.8741	20.9932	4.7121	1545134548.0161
8.8741	20.9932	4.7121	1545134548.073
8.8741	20.9932	4.7121	1545134548.1336
8.8741	20.9932	4.7121	1545134548.1937
8.8741	20.9932	4.7121	1545134548.2556
8.8741	20.9932	4.7121	1545134548.3131
8.8741	20.9932	4.7121	1545134548.3728
8.8741	20.9932	4.7121	1545134548.433
8.8741	20.9932	4.7121	1545134548.4933
8.8741	20.9932	4.7121	1545134548.5531
8.8741	20.9932	4.7121	1545134548.6129
8.8741	20.9932	4.7121	1545134548.6732
8.8741	20.9932	4.7121	1545134548.7357
8.8741	20.9932	4.7121	1545134548.7929
8.8741	20.9932	4.7121	1545134548.8531
8.8741	20.9932	4.7121	1545134548.9135
8.8741	20.9932	4.7121	1545134548.9758
8.8741	20.9932	4.7121	1545134549.0328
8.8741	20.9932	4.7121	1545134549.0929
8.8741	20.9932	4.7121	1545134549.1532
8.8741	20.9932	4.7121	1545134549.2157
8.8741	20.9932	4.7121	1545134549.2728
8.8741	20.9932	4.7121	1545134549.333
8.8741	20.9932	4.7121	1545134549.3931
8.8741	20.9932	4.7121	1545134549.4556
8.8741	20.9932	4.7121	1545134549.5131
8.8741	20.9932	4.7121	1545134549.5735
8.8741	20.9932	4.7121	1545134549.6333
8.8741	20.9932	4.7121	1545134549.6928
8.8741	20.9932	4.7121	1545134549.7531
8.8741	20.9932	4.7121	1545134549.8134
8.8741	20.9932	4.7121	1545134549.8731
8.8741	20.9932	4.7121	1545134549.9358
8.8741	20.9932	4.7121	1545134549.9929
8.8741	20.9932	4.7121	1545134550.0533
8.8741	20.9932	4.7121	1545134550.1139
8.8741	20.9932	4.7121	1545134550.1759
8.8741	20.9932	4.7121	1545134550.233
8.8741	20.9932	4.7121	1545134550.2928
8.8741	20.9932	4.7121	1545134550.3535
8.8741	20.9932	4.7121	1545134550.4159
8.8741	20.9932	4.7121	1545134550.473
8.8741	20.9932	4.7121	1545134550.5338
8.8741	20.9932	4.7121	1545134550.5937
8.8741	20.9932	4.7121	1545134550.6535
8.8741	20.9932	4.7121	1545134550.7131
8.8741	20.9932	4.7121	1545134550.7735
8.8741	20.9932	4.7121	1545134550.8329
8.8741	20.9932	4.7121	1545134550.8956
8.8741	20.9932	4.7121	1545134550.9529
8.8741	20.9932	4.7121	1545134551.0138
8.8741	20.9932	4.7121	1545134551.0731
8.8741	20.9932	4.7121	1545134551.1367
8.8741	20.9932	4.7121	1545134551.1929
8.8741	20.9932	4.7121	1545134551.2528
8.8741	20.9932	4.7121	1545134551.3128
8.8741	20.9932	4.7121	1545134551.3727
8.8741	20.9932	4.7121	1545134551.4332
8.8741	20.9932	4.7121	1545134551.493
8.8741	20.9932	4.7121	1545134551.5538
8.8741	20.9932	4.7121	1545134551.6157
8.8741	20.9932	4.7121	1545134551.673
8.8741	20.9932	4.7121	1545134551.7334
8.8741	20.9932	4.7121	1545134551.7932
8.8741	20.9932	4.7121	1545134551.8559
8.8741	20.9932	4.7121	1545134551.9131
8.8741	20.9932	4.7121	1545134551.9734
8.8741	20.9932	4.7121	1545134552.0328
8.8741	20.9932	4.7121	1545134552.0929
8.8741	20.9932	4.7121	1545134552.153
8.8741	20.9932	4.7121	1545134552.2134
8.8741	20.9932	4.7121	1545134552.2732
8.8741	20.9932	4.7121	1545134552.3357
8.8741	20.9932	4.7121	1545134552.393
8.8741	20.9932	4.7121	1545134552.4533
8.8741	20.9932	4.7121	1545134552.5134
8.8741	20.9932	4.7121	1545134552.5758
8.8741	20.9932	4.7121	1545134552.6328
8.8741	20.9932	4.7121	1545134552.6937
8.8741	20.9932	4.7121	1545134552.7536
8.8741	20.9932	4.7121	1545134552.8157
8.8741	20.9932	4.7121	1545134552.873
8.8741	20.9932	4.7121	1545134552.9333
8.8741	20.9932	4.7121	1545134552.9935
8.8741	20.9932	4.7121	1545134553.0557
8.8741	20.9932	4.7121	1545134553.1136
8.8741	20.9932	4.7121	1545134553.1736
8.8741	20.9932	4.7121	1545134553.2328
8.8741	20.9932	4.7121	1545134553.2958
8.8741	20.9932	4.7121	1545134553.3529
8.8741	20.9932	4.7121	1545134553.4131
8.8741	20.9932	4.7121	1545134553.4736
8.8741	20.9932	4.7121	1545134553.5362
8.8741	20.9932	4.7121	1545134553.5928
8.8741	20.9932	4.7121	1545134553.6533
8.8741	20.9932	4.7121	1545134553.7133
8.8741	20.9932	4.7121	1545134553.7727
8.8741	20.9932	4.7121	1545134553.8329
8.8741	20.9932	4.7121	1545134553.893
8.8741	20.9932	4.7121	1545134553.9529
8.8741	20.9932	4.7121	1545134554.0157
8.8741	20.9932	4.7121	1545134554.0732
8.8741	20.9932	4.7121	1545134554.1337
8.8741	20.9932	4.7121	1545134554.1932
8.8741	20.9932	4.7121	1545134554.2559
8.8741	20.9932	4.7121	1545134554.3132
8.8741	20.9932	4.7121	1545134554.373
8.8741	20.9932	4.7121	1545134554.4329
8.8741	20.9932	4.7121	1545134554.4958
8.8741	20.9932	4.7121	1545134554.5533
8.8741	20.9932	4.7121	1545134554.6133
8.8741	20.9932	4.7121	1545134554.6732
8.8741	20.9932	4.7121	1545134554.7357
8.8741	20.9932	4.7121	1545134554.7931
8.8741	20.9932	4.7121	1545134554.8533
8.8741	20.9932	4.7121	1545134554.9137
8.8741	20.9932	4.7121	1545134554.9759
8.8741	20.9932	4.7121	1545134555.0331
8.8741	20.9932	4.7121	1545134555.0937
8.8741	20.9932	4.7121	1545134555.1534
8.8741	20.9932	4.7121	1545134555.2131
8.8741	20.9932	4.7121	1545134555.273
8.8741	20.9932	4.7121	1545134555.3332
8.8741	20.9932	4.7121	1545134555.3932
8.8741	20.9932	4.7121	1545134555.4538
8.8741	20.9932	4.7121	1545134555.5138
8.8741	20.9932	4.7121	1545134555.5735
8.8741	20.9932	4.7121	1545134555.6331
8.8741	20.9932	4.7121	1545134555.6957
8.8741	20.9932	4.7121	1545134555.7529
8.8741	20.9932	4.7121	1545134555.8134
8.8741	20.9932	4.7121	1545134555.8732
8.8741	20.9932	4.7121	1545134555.9357
8.8741	20.9932	4.7121	1545134555.993
8.8741	20.9932	4.7121	1545134556.0535
8.8741	20.9932	4.7121	1545134556.1132
8.8741	20.9932	4.7121	1545134556.1759
8.8741	20.9932	4.7121	1545134556.2329
8.8741	20.9932	4.7121	1545134556.2931
8.8741	20.9932	4.7121	1545134556.3533
8.8741	20.9932	4.7121	1545134556.4159
8.8741	20.9932	4.7121	1545134556.4731
8.8741	20.9932	4.7121	1545134556.5336
8.8741	20.9932	4.7121	1545134556.5931
8.8741	20.9932	4.7121	1545134556.6527
8.8741	20.9932	4.7121	1545134556.7129
8.8741	20.9932	4.7121	1545134556.7735
8.8741	20.9932	4.7121	1545134556.8327
8.8741	20.9932	4.7121	1545134556.8928
8.8741	20.9932	4.7121	1545134556.9529
8.8741	20.9932	4.7121	1545134557.0135
8.8741	20.9932	4.7121	1545134557.0729
8.8741	20.9932	4.7121	1545134557.1359
8.8741	20.9932	4.7121	1545134557.1929
8.8741	20.9932	4.7121	1545134557.2532
8.8741	20.9932	4.7121	1545134557.3134
8.8741	20.9932	4.7121	1545134557.3757
8.8741	20.9932	4.7121	1545134557.4331
8.8741	20.9932	4.7121	1545134557.4935
8.8741	20.9932	4.7121	1545134557.5529
8.8741	20.9932	4.7121	1545134557.6132
8.8741	20.9932	4.7121	1545134557.6736
8.8741	20.9932	4.7121	1545134557.7337
8.8741	20.9932	4.7121	1545134557.7932
8.8741	20.9932	4.7121	1545134557.8558
8.8741	20.9932	4.7121	1545134557.9131
8.8741	20.9932	4.7121	1545134557.9733
8.8741	20.9932	4.7121	1545134558.0336
8.8741	20.9932	4.7121	1545134558.0929
8.8741	20.9932	4.7121	1545134558.153
8.8741	20.9932	4.7121	1545134558.2135
8.8741	20.9932	4.7121	1545134558.2736
8.8741	20.9932	4.7121	1545134558.3358
8.8741	20.9932	4.7121	1545134558.3935
8.8741	20.9932	4.7121	1545134558.4534
8.8741	20.9932	4.7121	1545134558.5133
8.8741	20.9932	4.7121	1545134558.5761
8.8741	20.9932	4.7121	1545134558.6334
8.8741	20.9932	4.7121	1545134558.6928
8.8741	20.9932	4.7121	1545134558.753
8.8741	20.9932	4.7121	1545134558.8165
8.8741	20.9932	4.7121	1545134558.8732
8.8741	20.9932	4.7121	1545134558.9335
8.8741	20.9932	4.7121	1545134558.9936
8.8741	20.9932	4.7121	1545134559.053
8.8741	20.9932	4.7121	1545134559.1133
8.8741	20.9932	4.7121	1545134559.173
8.8741	20.9932	4.7121	1545134559.2335
8.8741	20.9932	4.7121	1545134559.296
8.8741	20.9932	4.7121	1545134559.353
8.8741	20.9932	4.7121	1545134559.4138
8.8741	20.9932	4.7121	1545134559.4735
8.8741	20.9932	4.7121	1545134559.5361
8.8741	20.9932	4.7121	1545134559.5932
8.8741	20.9932	4.7121	1545134559.6533
8.8741	20.9932	4.7121	1545134559.7133
8.8741	20.9932	4.7121	1545134559.776
8.8741	20.9932	4.7121	1545134559.8333
8.8741	20.9932	4.7121	1545134559.8934
8.8741	20.9932	4.7121	1545134559.9531
8.8741	20.9932	4.7121	1545134560.016
8.8741	20.9932	4.7121	1545134560.0729
8.8741	20.9932	4.7121	1545134560.1338
8.8741	20.9932	4.7121	1545134560.1934
8.8741	20.9932	4.7121	1545134560.2558
8.8741	20.9932	4.7121	1545134560.3131
8.8741	20.9932	4.7121	1545134560.3728
8.8741	20.9932	4.7121	1545134560.4328
8.8741	20.9932	4.7121	1545134560.4957
8.8741	20.9932	4.7121	1545134560.553
8.8741	20.9932	4.7121	1545134560.6136
8.8741	20.9932	4.7121	1545134560.6734
8.8741	20.9932	4.7121	1545134560.736
8.8741	20.9932	4.7121	1545134560.7933
8.8741	20.9932	4.7121	1545134560.8527
8.8741	20.9932	4.7121	1545134560.9133
8.8741	20.9932	4.7121	1545134560.976
8.8741	20.9932	4.7121	1545134561.0331
8.8741	20.9932	4.7121	1545134561.0935
8.8741	20.9932	4.7121	1545134561.153
8.8741	20.9932	4.7121	1545134561.2139
8.8741	20.9932	4.7121	1545134561.2734
8.8741	20.9932	4.7121	1545134561.3337
8.8741	20.9932	4.7121	1545134561.3931
8.8741	20.9932	4.7121	1545134561.4557
8.8741	20.9932	4.7121	1545134561.5131
8.8741	20.9932	4.7121	1545134561.5735
8.8741	20.9932	4.7121	1545134561.6336
8.8741	20.9932	4.7121	1545134561.696
8.8741	20.9932	4.7121	1545134561.7529
8.8741	20.9932	4.7121	1545134561.8137
8.8741	20.9932	4.7121	1545134561.8736
8.8741	20.9932	4.7121	1545134561.9358
8.8741	20.9932	4.7121	1545134561.9936
8.8741	20.9932	4.7121	1545134562.053
8.8741	20.9932	4.7121	1545134562.1128
8.8741	20.9932	4.7121	1545134562.1772
8.8741	20.9932	4.7121	1545134562.233
8.8741	20.9932	4.7121	1545134562.2931
8.8741	20.9932	4.7121	1545134562.3536
8.8741	20.9932	4.7121	1545134562.4162
8.8741	20.9932	4.7121	1545134562.4733
8.8741	20.9932	4.7121	1545134562.5336
8.8741	20.9932	4.7121	1545134562.5935
8.8741	20.9932	4.7121	1545134562.6558
8.8741	20.9932	4.7121	1545134562.713
8.8741	20.9932	4.7121	1545134562.7735
8.8741	20.9932	4.7121	1545134562.8331
8.8741	20.9932	4.7121	1545134562.8929
8.8741	20.9932	4.7121	1545134562.953
8.8741	20.9932	4.7121	1545134563.0135
8.8741	20.9932	4.7121	1545134563.0736
8.8741	20.9932	4.7121	1545134563.1336
8.8741	20.9932	4.7121	1545134563.1936
8.8741	20.9932	4.7121	1545134563.2538
8.8741	20.9932	4.7121	1545134563.3132
8.8741	20.9932	4.7121	1545134563.3729
8.8741	20.9932	4.7121	1545134563.4333
8.8741	20.9932	4.7121	1545134563.4936
8.8741	20.9932	4.7121	1545134563.553
8.8741	20.9932	4.7121	1545134563.6157
8.8741	20.9932	4.7121	1545134563.6731
8.8741	20.9932	4.7121	1545134563.7337
8.8741	20.9932	4.7121	1545134563.7935
8.8741	20.9932	4.7121	1545134563.8559
8.8741	20.9932	4.7121	1545134563.9129
8.8741	20.9932	4.7121	1545134563.9736
8.8741	20.9932	4.7121	1545134564.0338
8.8741	20.9932	4.7121	1545134564.0958
8.8741	20.9932	4.7121	1545134564.1533
8.8741	20.9932	4.7121	1545134564.2132
8.8741	20.9932	4.7121	1545134564.2735
8.8741	20.9932	4.7121	1545134564.3359
8.8741	20.9932	4.7121	1545134564.3939
8.8741	20.9932	4.7121	1545134564.4533
8.8741	20.9932	4.7121	1545134564.5135
8.8741	20.9932	4.7121	1545134564.5736
8.8741	20.9932	4.7121	1545134564.6331
8.8741	20.9932	4.7121	1545134564.6936
8.8741	20.9932	4.7121	1545134564.7529
8.8741	20.9932	4.7121	1545134564.8158
8.8741	20.9932	4.7121	1545134564.8731
8.8741	20.9932	4.7121	1545134564.9334
8.8741	20.9932	4.7121	1545134564.9937
8.8741	20.9932	4.7121	1545134565.0557
8.8741	20.9932	4.7121	1545134565.1131
8.8741	20.9932	4.7121	1545134565.1733
8.8741	20.9932	4.7121	1545134565.2333
8.8741	20.9932	4.7121	1545134565.2963
8.8741	20.9932	4.7121	1545134565.3534
8.8741	20.9932	4.7121	1545134565.4131
8.8741	20.9932	4.7121	1545134565.4738
8.8741	20.9932	4.7121	1545134565.533
8.8741	20.9932	4.7121	1545134565.5931
8.8741	20.9932	4.7121	1545134565.6535
8.8741	20.9932	4.7121	1545134565.714
8.8741	20.9932	4.7121	1545134565.776
8.8741	20.9932	4.7121	1545134565.8331
8.8741	20.9932	4.7121	1545134565.8935
8.8741	20.9932	4.7121	1545134565.9528
8.8741	20.9932	4.7121	1545134566.0159
8.8741	20.9932	4.7121	1545134566.0734
8.8741	20.9932	4.7121	1545134566.1338
8.8741	20.9932	4.7121	1545134566.1931
8.8741	20.9932	4.7121	1545134566.256
8.8741	20.9932	4.7121	1545134566.313
8.8741	20.9932	4.7121	1545134566.3731
8.8741	20.9932	4.7121	1545134566.4344
8.8741	20.9932	4.7121	1545134566.4962
8.8741	20.9932	4.7121	1545134566.5532
8.8741	20.9932	4.7121	1545134566.6134
8.8741	20.9932	4.7121	1545134566.6738
8.8741	20.9932	4.7121	1545134566.7365
8.8741	20.9932	4.7121	1545134566.7936
8.8741	20.9932	4.7121	1545134566.8534
8.8741	20.9932	4.7121	1545134566.9134
8.8741	20.9932	4.7121	1545134566.9756
8.8741	20.9932	4.7121	1545134567.0331
8.8741	20.9932	4.7121	1545134567.0938
8.8741	20.9932	4.7121	1545134567.1533
8.8741	20.9932	4.7121	1545134567.2158
8.8741	20.9932	4.7121	1545134567.2732
8.8741	20.9932	4.7121	1545134567.3335
8.8741	20.9932	4.7121	1545134567.3938
8.8741	20.9932	4.7121	1545134567.456
8.8741	20.9932	4.7121	1545134567.5131
8.8741	20.9932	4.7121	1545134567.5736
8.8741	20.9932	4.7121	1545134567.6334
8.8741	20.9932	4.7121	1545134567.6959
8.8741	20.9932	4.7121	1545134567.753
8.8741	20.9932	4.7121	1545134567.8137
8.8741	20.9932	4.7121	1545134567.8737
8.8741	20.9932	4.7121	1545134567.9331
8.8741	20.9932	4.7121	1545134567.9932
8.8741	20.9932	4.7121	1545134568.0536
8.8741	20.9932	4.7121	1545134568.1136
8.8741	20.9932	4.7121	1545134568.1757
8.8741	20.9932	4.7121	1545134568.2331
8.8741	20.9932	4.7121	1545134568.2936
8.8741	20.9932	4.7121	1545134568.3532
8.8741	20.9932	4.7121	1545134568.4159
8.8741	20.9932	4.7121	1545134568.4733
8.8741	20.9932	4.7121	1545134568.5335
8.8741	20.9932	4.7121	1545134568.5935
8.8741	20.9932	4.7121	1545134568.6568
8.8741	20.9932	4.7121	1545134568.7137
8.8741	20.9932	4.7121	1545134568.7732
8.8741	20.9932	4.7121	1545134568.8328
8.8741	20.9932	4.7121	1545134568.8964
8.8741	20.9932	4.7121	1545134568.954
8.8741	20.9932	4.7121	1545134569.0143
8.8741	20.9932	4.7121	1545134569.0735
8.8741	20.9932	4.7121	1545134569.1359
8.8741	20.9932	4.7121	1545134569.1938
8.8741	20.9932	4.7121	1545134569.2535
8.8741	20.9932	4.7121	1545134569.3136
8.8741	20.9932	4.7121	1545134569.3757
8.8741	20.9932	4.7121	1545134569.4336
8.8741	20.9932	4.7121	1545134569.4938
8.8741	20.9932	4.7121	1545134569.5532
8.8741	20.9932	4.7121	1545134569.6133
8.8741	20.9932	4.7121	1545134569.6736
8.8741	20.9932	4.7121	1545134569.7336
8.8741	20.9932	4.7121	1545134569.7934
8.8741	20.9932	4.7121	1545134569.8558
8.8741	20.9932	4.7121	1545134569.9136
8.8741	20.9932	4.7121	1545134569.9735
8.8741	20.9932	4.7121	1545134570.0336
8.8741	20.9932	4.7121	1545134570.096
8.8741	20.9932	4.7121	1545134570.1537
8.8741	20.9932	4.7121	1545134570.2134
8.8741	20.9932	4.7121	1545134570.2736
8.8741	20.9932	4.7121	1545134570.3336
8.8741	20.9932	4.7121	1545134570.3947
8.8741	20.9932	4.7121	1545134570.4535
8.8741	20.9932	4.7121	1545134570.5136
8.8741	20.9932	4.7121	1545134570.5733
8.8741	20.9932	4.7121	1545134570.6329
8.8741	20.9932	4.7121	1545134570.6936
8.8741	20.9932	4.7121	1545134570.7538
8.8741	20.9932	4.7121	1545134570.8136
8.8741	20.9932	4.7121	1545134570.873
8.8741	20.9932	4.7121	1545134570.9334
8.8741	20.9932	4.7121	1545134570.9937
8.8741	20.9932	4.7121	1545134571.0568
8.8741	20.9932	4.7121	1545134571.1145
8.8741	20.9932	4.7121	1545134571.1737
8.8741	20.9932	4.7121	1545134571.2337
8.8741	20.9932	4.7121	1545134571.2961
8.8741	20.9932	4.7121	1545134571.3535
8.8741	20.9932	4.7121	1545134571.4141
8.8741	20.9932	4.7121	1545134571.4741
8.8741	20.9932	4.7121	1545134571.5337
8.8741	20.9932	4.7121	1545134571.5935
8.8741	20.9932	4.7121	1545134571.6537
8.8741	20.9932	4.7121	1545134571.7135
8.8741	20.9932	4.7121	1545134571.7766
8.8741	20.9932	4.7121	1545134571.8332
8.8741	20.9932	4.7121	1545134571.8936
8.8741	20.9932	4.7121	1545134571.9545
8.8741	20.9932	4.7121	1545134572.0159
8.8741	20.9932	4.7121	1545134572.0729
8.8741	20.9932	4.7121	1545134572.1336
8.8741	20.9932	4.7121	1545134572.1933
8.8741	20.9932	4.7121	1545134572.2558
8.8741	20.9932	4.7121	1545134572.313
8.8741	20.9932	4.7121	1545134572.3735
8.8741	20.9932	4.7121	1545134572.4333
8.8741	20.9932	4.7121	1545134572.496
8.8741	20.9932	4.7121	1545134572.5532
8.8741	20.9932	4.7121	1545134572.6134
8.8741	20.9932	4.7121	1545134572.6732
8.8741	20.9932	4.7121	1545134572.7359
8.8741	20.9932	4.7121	1545134572.7935
8.8741	20.9932	4.7121	1545134572.8537
8.8741	20.9932	4.7121	1545134572.9133
8.8741	20.9932	4.7121	1545134572.9762
8.8741	20.9932	4.7121	1545134573.0334
8.8741	20.9932	4.7121	1545134573.0935
8.8741	20.9932	4.7121	1545134573.1533
8.8741	20.9932	4.7121	1545134573.2158
8.8741	20.9932	4.7121	1545134573.2732
8.8741	20.9932	4.7121	1545134573.3333
8.8741	20.9932	4.7121	1545134573.3935
8.8741	20.9932	4.7121	1545134573.4564
8.8741	20.9932	4.7121	1545134573.5136
8.8741	20.9932	4.7121	1545134573.5735
8.8741	20.9932	4.7121	1545134573.6335
8.8741	20.9932	4.7121	1545134573.6961
8.8741	20.9932	4.7121	1545134573.7532
8.8741	20.9932	4.7121	1545134573.8145
8.8741	20.9932	4.7121	1545134573.8735
8.8741	20.9932	4.7121	1545134573.9333
8.8741	20.9932	4.7121	1545134573.9933
8.8741	20.9932	4.7121	1545134574.0537
8.8741	20.9932	4.7121	1545134574.1135
8.8741	20.9932	4.7121	1545134574.1762
8.8741	20.9932	4.7121	1545134574.233
8.8741	20.9932	4.7121	1545134574.2937
8.8741	20.9932	4.7121	1545134574.3532
8.8741	20.9932	4.7121	1545134574.4157
8.8741	20.9932	4.7121	1545134574.4736
8.8741	20.9932	4.7121	1545134574.5328
8.8741	20.9932	4.7121	1545134574.594
8.8741	20.9932	4.7121	1545134574.6528
8.8741	20.9932	4.7121	1545134574.7131
8.8741	20.9932	4.7121	1545134574.7731
8.8741	20.9932	4.7121	1545134574.8337
8.8741	20.9932	4.7121	1545134574.8935
8.8741	20.9932	4.7121	1545134574.9534
8.8741	20.9932	4.7121	1545134575.0145
8.8741	20.9932	4.7121	1545134575.0734
8.8741	20.9932	4.7121	1545134575.136
8.8741	20.9932	4.7121	1545134575.1933
8.8741	20.9932	4.7121	1545134575.2531
8.8741	20.9932	4.7121	1545134575.3134
8.8741	20.9932	4.7121	1545134575.376
8.8741	20.9932	4.7121	1545134575.4335
8.8741	20.9932	4.7121	1545134575.4946
8.8741	20.9932	4.7121	1545134575.5531
8.8741	20.9932	4.7121	1545134575.6164
8.8741	20.9932	4.7121	1545134575.6733
8.8741	20.9932	4.7121	1545134575.7334
8.8741	20.9932	4.7121	1545134575.7934
8.8741	20.9932	4.7121	1545134575.8536
8.8741	20.9932	4.7121	1545134575.9135
8.8741	20.9932	4.7121	1545134575.9736
8.8741	20.9932	4.7121	1545134576.0333
8.8741	20.9932	4.7121	1545134576.0967
8.8741	20.9932	4.7121	1545134576.154
8.8741	20.9932	4.7121	1545134576.2141
8.8741	20.9932	4.7121	1545134576.2732
8.8741	20.9932	4.7121	1545134576.3363
8.8741	20.9932	4.7121	1545134576.3933
8.8741	20.9932	4.7121	1545134576.4536
8.8741	20.9932	4.7121	1545134576.514
8.8741	20.9932	4.7121	1545134576.5758
8.8741	20.9932	4.7121	1545134576.6333
8.8741	20.9932	4.7121	1545134576.6938
8.8741	20.9932	4.7121	1545134576.7538
8.8741	20.9932	4.7121	1545134576.8141
8.8741	20.9932	4.7121	1545134576.8732
8.8741	20.9932	4.7121	1545134576.9333
8.8741	20.9932	4.7121	1545134576.9938
8.8741	20.9932	4.7121	1545134577.0575
8.8741	20.9932	4.7121	1545134577.1133
8.8741	20.9932	4.7121	1545134577.1729
8.8741	20.9932	4.7121	1545134577.2335
8.8741	20.9932	4.7121	1545134577.2957
8.8741	20.9932	4.7121	1545134577.3531
8.8741	20.9932	4.7121	1545134577.4133
8.8741	20.9932	4.7121	1545134577.4732
8.8741	20.9932	4.7121	1545134577.5359
8.8741	20.9932	4.7121	1545134577.5933
8.8741	20.9932	4.7121	1545134577.6536
8.8741	20.9932	4.7121	1545134577.7137
8.8741	20.9932	4.7121	1545134577.7761
8.8741	20.9932	4.7121	1545134577.833
8.8741	20.9932	4.7121	1545134577.8934
8.8741	20.9932	4.7121	1545134577.9537
8.8741	20.9932	4.7121	1545134578.0131
8.8741	20.9932	4.7121	1545134578.0731
8.8741	20.9932	4.7121	1545134578.1343
8.8741	20.9932	4.7121	1545134578.1939
8.8741	20.9932	4.7121	1545134578.2535
8.8741	20.9932	4.7121	1545134578.314
8.8741	20.9932	4.7121	1545134578.3737
8.8741	20.9932	4.7121	1545134578.4337
8.8741	20.9932	4.7121	1545134578.4959
8.8741	20.9932	4.7121	1545134578.5531
8.8741	20.9932	4.7121	1545134578.6143
8.8741	20.9932	4.7121	1545134578.6738
8.8741	20.9932	4.7121	1545134578.7333
8.8741	20.9932	4.7121	1545134578.7937
8.8741	20.9932	4.7121	1545134578.8534
8.8741	20.9932	4.7121	1545134578.9137
8.8741	20.9932	4.7121	1545134578.9766
8.8741	20.9932	4.7121	1545134579.0335
8.8741	20.9932	4.7121	1545134579.0937
8.8741	20.9932	4.7121	1545134579.1535
8.8741	20.9932	4.7121	1545134579.2158
8.8741	20.9932	4.7121	1545134579.2731
8.8741	20.9932	4.7121	1545134579.3336
8.8741	20.9932	4.7121	1545134579.3939
8.8741	20.9932	4.7121	1545134579.4558
8.8741	20.9932	4.7121	1545134579.5138
8.8741	20.9932	4.7121	1545134579.5736
8.8741	20.9932	4.7121	1545134579.6335
8.8741	20.9932	4.7121	1545134579.6961
8.8741	20.9932	4.7121	1545134579.7531
8.8741	20.9932	4.7121	1545134579.8134
8.8741	20.9932	4.7121	1545134579.8736
8.8741	20.9932	4.7121	1545134579.9337
8.8741	20.9932	4.7121	1545134579.9932
8.8741	20.9932	4.7121	1545134580.0536
8.8741	20.9932	4.7121	1545134580.1129
8.8741	20.9932	4.7121	1545134580.1729
8.8741	20.9932	4.7121	1545134580.233
8.8741	20.9932	4.7121	1545134580.2934
8.8741	20.9932	4.7121	1545134580.3535
8.8741	20.9932	4.7121	1545134580.4134
8.8741	20.9932	4.7121	1545134580.4734
8.8741	20.9932	4.7121	1545134580.5337
8.8741	20.9932	4.7121	1545134580.5938
8.8741	20.9932	4.7121	1545134580.6559
8.8741	20.9932	4.7121	1545134580.7137
8.8741	20.9932	4.7121	1545134580.7739
8.8741	20.9932	4.7121	1545134580.8335
8.8741	20.9932	4.7121	1545134580.8962
8.8741	20.9932	4.7121	1545134580.9533
8.8741	20.9932	4.7121	1545134581.0132
8.8741	20.9932	4.7121	1545134581.0734
8.8741	20.9932	4.7121	1545134581.1334
8.8741	20.9932	4.7121	1545134581.1941
8.8741	20.9932	4.7121	1545134581.2538
8.8741	20.9932	4.7121	1545134581.3135
8.8741	20.9932	4.7121	1545134581.3757
8.8741	20.9932	4.7121	1545134581.4329
8.8741	20.9932	4.7121	1545134581.4934
8.8741	20.9932	4.7121	1545134581.5536
8.8741	20.9932	4.7121	1545134581.6134
8.8741	20.9932	4.7121	1545134581.6732
8.8741	20.9932	4.7121	1545134581.7339
8.8741	20.9932	4.7121	1545134581.7944
8.8741	20.9932	4.7121	1545134581.8567
8.8741	20.9932	4.7121	1545134581.9139
8.8741	20.9932	4.7121	1545134581.9734
8.8741	20.9932	4.7121	1545134582.0329
8.8741	20.9932	4.7121	1545134582.0934
8.8741	20.9932	4.7121	1545134582.153
8.8741	20.9932	4.7121	1545134582.2133
8.8741	20.9932	4.7121	1545134582.2735
8.8741	20.9932	4.7121	1545134582.3357
8.8741	20.9932	4.7121	1545134582.3932
8.8741	20.9932	4.7121	1545134582.4534
8.8741	20.9932	4.7121	1545134582.5135
8.8741	20.9932	4.7121	1545134582.5762
8.8741	20.9932	4.7121	1545134582.6331
8.8741	20.9932	4.7121	1545134582.6937
8.8741	20.9932	4.7121	1545134582.7541
8.8741	20.9932	4.7121	1545134582.8133
8.8741	20.9932	4.7121	1545134582.873
8.8741	20.9932	4.7121	1545134582.9336
8.8741	20.9932	4.7121	1545134582.993
8.8741	20.9932	4.7121	1545134583.0568
8.8741	20.9932	4.7121	1545134583.1134
8.8741	20.9932	4.7121	1545134583.174
8.8741	20.9932	4.7121	1545134583.2339
8.8741	20.9932	4.7121	1545134583.2958
8.8741	20.9932	4.7121	1545134583.3536
8.8741	20.9932	4.7121	1545134583.4136
8.8741	20.9932	4.7121	1545134583.4734
8.8741	20.9932	4.7121	1545134583.5361
8.8741	20.9932	4.7121	1545134583.5931
8.8741	20.9932	4.7121	1545134583.6536
8.8741	20.9932	4.7121	1545134583.7134
8.8741	20.9932	4.7121	1545134583.7759
8.8741	20.9932	4.7121	1545134583.8338
8.8741	20.9932	4.7121	1545134583.8934
8.8741	20.9932	4.7121	1545134583.9538
8.8741	20.9932	4.7121	1545134584.0133
8.8741	20.9932	4.7121	1545134584.0735
8.8741	20.9932	4.7121	1545134584.1337
8.8741	20.9932	4.7121	1545134584.1928
8.8741	20.9932	4.7121	1545134584.2558
8.8741	20.9932	4.7121	1545134584.3129
8.8741	20.9932	4.7121	1545134584.374
8.8741	20.9932	4.7121	1545134584.4332
8.8741	20.9932	4.7121	1545134584.496
8.8741	20.9932	4.7121	1545134584.5532
8.8741	20.9932	4.7121	1545134584.6135
8.8741	20.9932	4.7121	1545134584.6737
8.8741	20.9932	4.7121	1545134584.7362
8.8741	20.9932	4.7121	1545134584.7932
8.8741	20.9932	4.7121	1545134584.8533
8.8741	20.9932	4.7121	1545134584.9138
8.8741	20.9932	4.7121	1545134584.976
8.8741	20.9932	4.7121	1545134585.0334
8.8741	20.9932	4.7121	1545134585.0935
8.8741	20.9932	4.7121	1545134585.1534
8.8741	20.9932	4.7121	1545134585.2163
8.8741	20.9932	4.7121	1545134585.2733
8.8741	20.9932	4.7121	1545134585.3337
8.8741	20.9932	4.7121	1545134585.3936
8.8741	20.9932	4.7121	1545134585.4538
8.8741	20.9932	4.7121	1545134585.5132
8.8741	20.9932	4.7121	1545134585.5735
8.8741	20.9932	4.7121	1545134585.6335
8.8741	20.9932	4.7121	1545134585.6957
8.8741	20.9932	4.7121	1545134585.7531
8.8741	20.9932	4.7121	1545134585.8133
8.8741	20.9932	4.7121	1545134585.8733
8.8741	20.9932	4.7121	1545134585.9338
8.8741	20.9932	4.7121	1545134585.9931
8.8741	20.9932	4.7121	1545134586.0532
8.8741	20.9932	4.7121	1545134586.1138
8.8741	20.9932	4.7121	1545134586.1764
8.8741	20.9932	4.7121	1545134586.233
8.8741	20.9932	4.7121	1545134586.2944
8.8741	20.9932	4.7121	1545134586.3535
8.8741	20.9932	4.7121	1545134586.4136
8.8741	20.9932	4.7121	1545134586.4732
8.8741	20.9932	4.7121	1545134586.5337
8.8741	20.9932	4.7121	1545134586.5932
8.8741	20.9932	4.7121	1545134586.6558
8.8741	20.9932	4.7121	1545134586.7137
8.8741	20.9932	4.7121	1545134586.7739
8.8741	20.9932	4.7121	1545134586.8329
8.8741	20.9932	4.7121	1545134586.8935
8.8741	20.9932	4.7121	1545134586.9534
8.8741	20.9932	4.7121	1545134587.0135
8.8741	20.9932	4.7121	1545134587.0728
8.8741	20.9932	4.7121	1545134587.1358
8.8741	20.9932	4.7121	1545134587.1931
8.8741	20.9932	4.7121	1545134587.2536
8.8741	20.9932	4.7121	1545134587.3134
8.8741	20.9932	4.7121	1545134587.3729
8.8741	20.9932	4.7121	1545134587.4331
8.8741	20.9932	4.7121	1545134587.4936
8.8741	20.9932	4.7121	1545134587.554
8.8741	20.9932	4.7121	1545134587.6161
8.8741	20.9932	4.7121	1545134587.6731
8.8741	20.9932	4.7121	1545134587.7336
8.8741	20.9932	4.7121	1545134587.7935
8.8741	20.9932	4.7121	1545134587.8558
8.8741	20.9932	4.7121	1545134587.9131
8.8741	20.9932	4.7121	1545134587.9736
8.8741	20.9932	4.7121	1545134588.0335
8.8741	20.9932	4.7121	1545134588.0972
8.8741	20.9932	4.7121	1545134588.1531
8.8741	20.9932	4.7121	1545134588.2135
8.8741	20.9932	4.7121	1545134588.2729
8.8741	20.9932	4.7121	1545134588.336
8.8741	20.9932	4.7121	1545134588.3931
8.8741	20.9932	4.7121	1545134588.4537
8.8741	20.9932	4.7121	1545134588.5144
8.8741	20.9932	4.7121	1545134588.5765
8.8741	20.9932	4.7121	1545134588.6328
8.8741	20.9932	4.7121	1545134588.6934
8.8741	20.9932	4.7121	1545134588.7533
8.8741	20.9932	4.7121	1545134588.8159
8.8741	20.9932	4.7121	1545134588.8729
8.8741	20.9932	4.7121	1545134588.9338
8.8741	20.9932	4.7121	1545134588.9939
8.8741	20.9932	4.7121	1545134589.0559
8.8741	20.9932	4.7121	1545134589.1132
8.8741	20.9932	4.7121	1545134589.173
8.8741	20.9932	4.7121	1545134589.2331
8.8741	20.9932	4.7121	1545134589.2958
8.8741	20.9932	4.7121	1545134589.3531
8.8741	20.9932	4.7121	1545134589.4137
8.8741	20.9932	4.7121	1545134589.4734
8.8741	20.9932	4.7121	1545134589.5359
8.8741	20.9932	4.7121	1545134589.593
8.8741	20.9932	4.7121	1545134589.6535
8.8741	20.9932	4.7121	1545134589.7133
8.8741	20.9932	4.7121	1545134589.7738
8.8741	20.9932	4.7121	1545134589.8332
8.8741	20.9932	4.7121	1545134589.8936
8.8741	20.9932	4.7121	1545134589.9534
8.8741	20.9932	4.7121	1545134590.0164
8.8741	20.9932	4.7121	1545134590.0734
8.8741	20.9932	4.7121	1545134590.1335
8.8741	20.9932	4.7121	1545134590.1933
8.8741	20.9932	4.7121	1545134590.2557
8.8741	20.9932	4.7121	1545134590.3134
8.8741	20.9932	4.7121	1545134590.3737
8.8741	20.9932	4.7121	1545134590.434
8.8741	20.9932	4.7121	1545134590.493
8.8741	20.9932	4.7121	1545134590.5531
8.8741	20.9932	4.7121	1545134590.6139
8.8741	20.9932	4.7121	1545134590.674
8.8741	20.9932	4.7121	1545134590.7359
8.8741	20.9932	4.7121	1545134590.793
8.8741	20.9932	4.7121	1545134590.8536
8.8741	20.9932	4.7121	1545134590.9136
8.8741	20.9932	4.7121	1545134590.9766
8.8741	20.9932	4.7121	1545134591.0336
8.8741	20.9932	4.7121	1545134591.0937
8.8741	20.9932	4.7121	1545134591.1533
8.8741	20.9932	4.7121	1545134591.2158
8.8741	20.9932	4.7121	1545134591.2733
8.8741	20.9932	4.7121	1545134591.3334
8.8741	20.9932	4.7121	1545134591.3933
8.8741	20.9932	4.7121	1545134591.4531
8.8741	20.9932	4.7121	1545134591.5138
8.8741	20.9932	4.7121	1545134591.5736
8.8741	20.9932	4.7121	1545134591.6335
8.8741	20.9932	4.7121	1545134591.6929
8.8741	20.9932	4.7121	1545134591.7537
8.8741	20.9932	4.7121	1545134591.8139
8.8741	20.9932	4.7121	1545134591.8735
8.8741	20.9932	4.7121	1545134591.9336
8.8741	20.9932	4.7121	1545134591.9933
8.8741	20.9932	4.7121	1545134592.0533
8.8741	20.9932	4.7121	1545134592.113
8.8741	20.9932	4.7121	1545134592.1774
8.8741	20.9932	4.7121	1545134592.2336
8.8741	20.9932	4.7121	1545134592.2931
8.8741	20.9932	4.7121	1545134592.3537
8.8741	20.9932	4.7121	1545134592.4158
8.8741	20.9932	4.7121	1545134592.473
8.8741	20.9932	4.7121	1545134592.5331
8.8741	20.9932	4.7121	1545134592.5934
8.8741	20.9932	4.7121	1545134592.6557
8.8741	20.9932	4.7121	1545134592.7132
8.8741	20.9932	4.7121	1545134592.7734
8.8741	20.9932	4.7121	1545134592.8335
8.8741	20.9932	4.7121	1545134592.896
8.8741	20.9932	4.7121	1545134592.9534
8.8741	20.9932	4.7121	1545134593.0137
8.8741	20.9932	4.7121	1545134593.0733
8.8741	20.9932	4.7121	1545134593.133
8.8741	20.9932	4.7121	1545134593.1935
8.8741	20.9932	4.7121	1545134593.2534
8.8741	20.9932	4.7121	1545134593.3136
8.8741	20.9932	4.7121	1545134593.3763
8.8741	20.9932	4.7121	1545134593.4335
8.8741	20.9932	4.7121	1545134593.4939
8.8741	20.9932	4.7121	1545134593.5529
8.8741	20.9932	4.7121	1545134593.6159
8.8741	20.9932	4.7121	1545134593.6738
8.8741	20.9932	4.7121	1545134593.734
8.8741	20.9932	4.7121	1545134593.7932
8.8741	20.9932	4.7121	1545134593.8557
8.8741	20.9932	4.7121	1545134593.9139
8.8741	20.9932	4.7121	1545134593.9735
8.8741	20.9932	4.7121	1545134594.0336
8.8741	20.9932	4.7121	1545134594.097
8.8741	20.9932	4.7121	1545134594.1532
8.8741	20.9932	4.7121	1545134594.2136
8.8741	20.9932	4.7121	1545134594.2734
8.8741	20.9932	4.7121	1545134594.3361
8.8741	20.9932	4.7121	1545134594.3937
8.8741	20.9932	4.7121	1545134594.4534
8.8741	20.9932	4.7121	1545134594.5137
8.8741	20.9932	4.7121	1545134594.576
8.8741	20.9932	4.7121	1545134594.6337
8.8741	20.9932	4.7121	1545134594.6937
8.8741	20.9932	4.7121	1545134594.7536
8.8741	20.9932	4.7121	1545134594.8158
8.8741	20.9932	4.7121	1545134594.8731
8.8741	20.9932	4.7121	1545134594.9338
8.8741	20.9932	4.7121	1545134594.993
8.8741	20.9932	4.7121	1545134595.0558
8.8741	20.9932	4.7121	1545134595.1132
8.8741	20.9932	4.7121	1545134595.1738
8.8741	20.9932	4.7121	1545134595.2329
8.8741	20.9932	4.7121	1545134595.2928
8.8741	20.9932	4.7121	1545134595.3529
8.8741	20.9932	4.7121	1545134595.4135
8.8741	20.9932	4.7121	1545134595.4736
8.8741	20.9932	4.7121	1545134595.5359
8.8741	20.9932	4.7121	1545134595.593
8.8741	20.9932	4.7121	1545134595.6536
8.8741	20.9932	4.7121	1545134595.714
8.8741	20.9932	4.7121	1545134595.7758
8.8741	20.9932	4.7121	1545134595.8337
8.8741	20.9932	4.7121	1545134595.8932
8.8741	20.9932	4.7121	1545134595.9537
8.8741	20.9932	4.7121	1545134596.016
8.8741	20.9932	4.7121	1545134596.0743
8.8741	20.9932	4.7121	1545134596.1337
8.8741	20.9932	4.7121	1545134596.1935
8.8741	20.9932	4.7121	1545134596.2561
8.8741	20.9932	4.7121	1545134596.3135
8.8741	20.9932	4.7121	1545134596.3739
8.8741	20.9932	4.7121	1545134596.4337
8.8741	20.9932	4.7121	1545134596.4962
8.8741	20.9932	4.7121	1545134596.5545
8.8741	20.9932	4.7121	1545134596.6128
8.8741	20.9932	4.7121	1545134596.6737
8.8741	20.9932	4.7121	1545134596.7338
8.8741	20.9932	4.7121	1545134596.7936
8.8741	20.9932	4.7121	1545134596.8538
8.8741	20.9932	4.7121	1545134596.914
8.8741	20.9932	4.7121	1545134596.9737
8.8741	20.9932	4.7121	1545134597.0332
8.874099801006146	20.99226225147067	4.712253553062284	1545134597.0937
8.87409952703677	20.99023925220257	4.712253553062284	1545134597.1532
8.874088769078963	20.986257671299505	4.707120558386285	1545134597.2164
8.87405259385806	20.98074817928511	4.704525628725043	1545134597.2732
8.873980464440455	20.97375377287206	4.699628177082237	1545134597.3335
8.873847046878337	20.964260555797548	4.697043657357076	1545134597.3934
8.873656243206714	20.95274214986711	4.694607111457399	1545134597.4534
8.873435984938627	20.94124602235165	4.691856847856009	1545134597.5136
8.873169020377743	20.928245568314846	4.691856847856009	1545134597.5738
8.872810167414308	20.911749490884578	4.689420301956332	1545134597.6338
8.87238674611756	20.894290795410583	4.686861674851936	1545134597.6931
8.871914233268015	20.87479405032057	4.689454825450684	1545134597.7532
8.871432417659863	20.853789084923758	4.689454825450684	1545134597.8141
8.870926256719907	20.83179545406391	4.689303302577063	1545134597.8738
8.870350832930198	20.806788636984237	4.689461424320241	1545134597.9361
8.869819162014654	20.782284229633227	4.691929442682605	1545134597.9933
8.869309274414878	20.75578500663042	4.69437005501084	1545134598.0534
8.868807440815328	20.727820053300253	4.694521577884461	1545134598.1131
8.868271119110386	20.69780647795195	4.694521577884461	1545134598.1759
8.867813847023465	20.67028924263576	4.697024119741179	1545134598.2339
8.867341805848781	20.641816256400112	4.694599753763228	1545134598.2936
8.866868764393917	20.61329691217288	4.697007873390895	1545134598.3529
8.86637954951647	20.583849362431604	4.694546957965793	1545134598.4135
8.865905332185742	20.55531852169142	4.696991627040611	1545134598.4737
8.865476098865502	20.52730555238061	4.6971434034608945	1545134598.5335
8.865032377299787	20.498347279787012	4.696991372888826	1545134598.5934
8.864616705615179	20.46887113025022	4.699584523487575	1545134598.6535
8.86421488590747	20.440355428164104	4.697012955216344	1545134598.7131
8.86376912168346	20.411366850878057	4.697012955216344	1545134598.7735
8.863322846203324	20.38234502599866	4.697012955216344	1545134598.8331
8.862861534147115	20.352345354705868	4.697012955216344	1545134598.896
8.862446996302085	20.325387465958052	4.697012955216344	1545134598.953
8.862031854005963	20.2958720729064	4.699636298442007	1545134599.0138
8.861631336163896	20.26737020626596	4.6970388375500125	1545134599.074
8.861186395365822	20.23838638144777	4.6970388375500125	1545134599.1334
8.860782959517433	20.209852634528783	4.699463203527963	1545134599.1931
8.860410224062859	20.18084532404333	4.699616756590247	1545134599.2536
8.860052784332499	20.152861137455677	4.699616756590247	1545134599.3134
8.859657022842821	20.121876715661795	4.699616756590247	1545134599.376
8.859339604170811	20.094336825993995	4.702110667573376	1545134599.4338
8.859041864802768	20.065370118259754	4.702110667573376	1545134599.4939
8.858713104166306	20.03691541718993	4.699560671342568	1545134599.553
8.858384133203135	20.008410567485743	4.70213656019414	1545134599.6127
8.858043192186951	19.97890714125116	4.6995304684285575	1545134599.6731
8.857669953041702	19.949882120651864	4.6995304684285575	1545134599.7337
8.857297174196782	19.920892895404375	4.6995304684285575	1545134599.7936
8.856924279023707	19.891894623873394	4.6995304684285575	1545134599.8557
8.85656589476187	19.863865720788045	4.699676407224393	1545134599.9132
8.856238928722648	19.835405953290504	4.702125142727769	1545134599.9735
8.855940913270068	19.80637149293369	4.702125142727769	1545134600.033
8.855643298707347	19.777376089681663	4.702125142727769	1545134600.0959
8.855386762712346	19.748919427014865	4.704623364004144	1545134600.1538
8.855171327430119	19.720903997721518	4.704775140424427	1545134600.2136
8.854940548125832	19.690895197108972	4.704622348607251	1545134600.2738
8.854709942123044	19.660898534725963	4.704780470955552	1545134600.3361
8.854464751079481	19.633424540268233	4.70214900879061	1545134600.3937
8.854165256315547	19.604393113223864	4.701997231765204	1545134600.4535
8.853865882827904	19.575373085400212	4.702149262337272	1545134600.5134
8.853515592967673	19.54493760929199	4.699611191271282	1545134600.5759
8.853127974952876	19.51740938368258	4.697007133930224	1545134600.6329
8.85268221477528	19.488432041946396	4.697007133930224	1545134600.6943
8.852236520434447	19.459458980032608	4.697007133930224	1545134600.7538
8.851819878796633	19.429930211573478	4.699553328171356	1545134600.8165
8.851502371875947	19.402424406102927	4.702139119260564	1545134600.8731
8.851205087658835	19.3734216905949	4.702139119260564	1545134600.9334
8.850908056297754	19.344443643438208	4.702139119260564	1545134600.9939
8.850600624600022	19.314450951077585	4.702139119260564	1545134601.056
8.850354646386403	19.28691924761768	4.704770592317725	1545134601.1136
8.85009851274629	19.258432970804147	4.7020249034484625	1545134601.1737
8.8497566768095	19.228925936607894	4.699584300802202	1545134601.2338
8.849372978629514	19.19896210917095	4.699584300802202	1545134601.2961
8.849014204584813	19.170944661799467	4.699584300802202	1545134601.3534
8.84864251617567	19.141918703551998	4.699584300802202	1545134601.4135
8.848283739200289	19.113901027317443	4.699584300802202	1545134601.4735
8.847900162475558	19.08394668458606	4.699584300802202	1545134601.5367
8.847583822874306	19.056457366326324	4.702179219571224	1545134601.5935
8.847287487102193	19.02743362317964	4.702179219571224	1545134601.6531
8.846991527745278	18.99844674692204	4.702179219571224	1545134601.714
8.846695611122376	18.969464056122856	4.702179219571224	1545134601.7758
8.846439820748945	18.94093260025474	4.704668809974011	1545134601.8335
8.84618489224885	18.912451728433272	4.702207894548909	1545134601.8941
8.845928903830634	18.883955877673994	4.70460383425485	1545134601.9531
8.845661970041535	18.854488079020005	4.702057640013718	1545134602.0158
8.845362205051668	18.825474000136662	4.702057640013718	1545134602.0736
8.845062309936594	18.796447326510396	4.702057640013718	1545134602.1337
8.844733593490034	18.767972324955636	4.699633274035768	1545134602.1934
8.844394276446826	18.738443985073168	4.702163231608589	1545134602.2557
8.844107846003592	18.71043425533968	4.702163231608589	1545134602.3131
8.8437814613323	18.68194067577984	4.699706382612044	1545134602.3736
8.843443602792375	18.65245586414276	4.70215511811542	1545134602.4339
8.843136445586763	18.622443101180096	4.70215511811542	1545134602.4963
8.842850035875816	18.59445760512849	4.70215511811542	1545134602.5533
8.842523227057729	18.565972436308712	4.699677956340034	1545134602.6143
8.842154387768524	18.536956723394887	4.699677956340034	1545134602.6734
8.841771032486173	18.506987293551386	4.699518311501517	1545134602.7363
8.841452707876705	18.47946691453881	4.702126943574702	1545134602.7934
8.84115508369691	18.450465485515394	4.702126943574702	1545134602.8532
8.840857321677143	18.421450624934916	4.702126943574702	1545134602.9134
8.84054943178723	18.391448873076246	4.702126943574702	1545134602.9763
8.840272960490482	18.36450864699943	4.702126943574702	1545134603.0329
8.839975077027972	18.33548195265907	4.702126943574702	1545134603.093
8.83971977170391	18.307013019378754	4.7047157838802045	1545134603.153
8.839496856741475	18.27796246823459	4.7047157838802045	1545134603.2129
8.839272128406423	18.248966218839886	4.7045619766661355	1545134603.2735
8.839045019345265	18.219950719219867	4.7045619766661355	1545134603.3337
8.83877812748643	18.190465179808104	4.70211324116276	1545134603.394
8.838482732273365	18.161498598315035	4.702269839810599	1545134603.4557
8.838195043431758	18.13347638301837	4.701975930214896	1545134603.5136
8.837894934016074	18.104443545086113	4.702128975578734	1545134603.5739
8.837597982303896	18.0755019122201	4.702128975578734	1545134603.6337
8.837300036091946	18.0464633529984	4.702128975578734	1545134603.6937
8.837002922264759	18.01750592001114	4.702128975578734	1545134603.7528
8.836713209521509	17.989479897835444	4.701975168364665	1545134603.8134
8.836413693609368	17.960508389866213	4.702126944784949	1545134603.8732
8.836105496061869	17.930476655350205	4.702126944784949	1545134603.9359
8.835818137834043	17.902475569426205	4.702126944784949	1545134603.9934
8.835560739634662	17.87400215129359	4.704571613859767	1545134604.0536
8.835293587922987	17.844456428498187	4.702122888038364	1545134604.1139
8.834996348532654	17.815503937331197	4.702122888038364	1545134604.1759
8.834698556230613	17.786497590006917	4.702122888038364	1545134604.2338
8.834442791028245	17.758003975264693	4.704703097470278	1545134604.2936
8.834258172987397	17.729504090205438	4.7071193402730875	1545134604.3531
8.834067242306004	17.699989231814218	4.704720864495409	1545134604.4161
8.833852697977655	17.67201102616869	4.704720864495409	1545134604.4732
8.833587965486302	17.642495433689096	4.702119093310168	1545134604.5335
8.833290230036338	17.613505340586126	4.702119093310168	1545134604.5934
8.832938600338984	17.583049412319472	4.699568842322452	1545134604.6562
8.832579287634863	17.555023737626836	4.699568842322452	1545134604.7134
8.832222083187732	17.52699685812726	4.6997203651960735	1545134604.7731
8.83183937976594	17.496971976085675	4.6995665579820045	1545134604.8337
8.831468565825094	17.468054381065002	4.6995665579820045	1545134604.8937
8.831096362413652	17.439028429416904	4.6995665579820045	1545134604.9538
8.830694242651637	17.410536504304442	4.69698634855009	1545134605.0136
8.830292595538237	17.382069372715115	4.699575178568496	1545134605.0736
8.829920493271361	17.35303178446479	4.699575178568496	1545134605.1336
8.82959226709352	17.32452899365218	4.702172639460491	1545134605.1938
8.829295813886194	17.295512450890943	4.702172639460491	1545134605.2529
8.828997840394969	17.2665646651084	4.702019085793084	1545134605.3134
8.828688627764834	17.23651648930509	4.702178476479816	1545134605.3762
8.828411299917951	17.209548136459144	4.702033298929088	1545134605.4334
8.82806977945386	17.180052132667395	4.6995886298542695	1545134605.4936
8.82773969684548	17.151553965190022	4.702025185435919	1545134605.5536
8.827439121535791	17.12255256660244	4.702025185435919	1545134605.6134
8.827108954027223	17.094042063721734	4.699592696282827	1545134605.6733
8.82673736043258	17.065004468957483	4.699592696282827	1545134605.7333
8.826324052714792	17.03553216976686	4.697139904032866	1545134605.7937
8.825924338648884	17.007058076335966	4.699564270010817	1545134605.8534
8.825565598740344	16.979087055535793	4.699564270010817	1545134605.9133
8.825223043284225	16.949553445017873	4.7020170622607775	1545134605.9737
8.824892396708995	16.921046565335953	4.699564270010817	1545134606.0341
8.824564889492116	16.892558470155457	4.702222136730833	1545134606.0957
8.82423808928321	16.864082208320188	4.699604366085614	1545134606.153
8.823854112324685	16.834049543318738	4.699604366085614	1545134606.2138
8.823496161751487	16.806052525754815	4.699604366085614	1545134606.2735
8.823125674075104	16.777074921695576	4.699604366085614	1545134606.3335
8.82275489108956	16.748074220101614	4.699604366085614	1545134606.3933
8.822396848216627	16.720069983336295	4.699604366085614	1545134606.4534
8.82201350064707	16.690086545840778	4.699604366085614	1545134606.5141
8.82164209973916	16.66103751359828	4.699604366085614	1545134606.574
8.821241284710911	16.632535516151762	4.6970500492744645	1545134606.6332
8.820841449532855	16.604068245914558	4.699638889579967	1545134606.6932
8.820472113341719	16.575102477522307	4.699638889579967	1545134606.7533
8.82004389897905	16.544594827059864	4.697068325813411	1545134606.8166
8.819615137181625	16.51661114997664	4.697068325813411	1545134606.8736
8.819183800714763	16.48859821297061	4.696916549393127	1545134606.9334
8.818781796734914	16.460079102295495	4.699671376834425	1545134606.9937
8.818398212780151	16.43010453906263	4.699514016336355	1545134607.0557
8.8180399872769	16.40212433790685	4.699659701585529	1545134607.1131
8.81764013646822	16.37362246190084	4.697062240693534	1545134607.1733
8.81714936513141	16.34410976249519	4.694460469508294	1545134607.2336
8.816676085653839	16.315656319127193	4.6970536201070425	1545134607.2937
8.816230662424907	16.286613094637694	4.6970536201070425	1545134607.3531
8.81578633872162	16.25764156324386	4.6970536201070425	1545134607.4141
8.815385452759351	16.22911414775632	4.699620878085026	1545134607.4736
8.81501513226546	16.20011215817174	4.699620878085026	1545134607.5339
8.814643012838483	16.171141491784432	4.699469101664743	1545134607.5937
8.814270580389735	16.142145595617723	4.699621639935257	1545134607.6538
8.81390029983429	16.113145003246828	4.699621639935257	1545134607.7136
8.81353024555847	16.08416213323017	4.699621639935257	1545134607.7758
8.813129354642939	16.055679384855537	4.697008444022165	1545134607.833
8.81266741479662	16.025647700054556	4.697008444022165	1545134607.8938
8.812194389615783	15.997128355557395	4.694600324394498	1545134607.9531
8.811705168097292	15.967647854150808	4.696991184695482	1545134608.0159
8.811247308498855	15.940128375446942	4.694514535459529	1545134608.0733
8.810728899380901	15.911128654946243	4.694514535459529	1545134608.1336
8.810238473800476	15.881683707651908	4.696955147787763	1545134608.1937
8.809745112588296	15.852156121369218	4.694408953546632	1545134608.2564
8.809286511090761	15.824668808408603	4.697003872315655	1545134608.3132
8.808840293577548	15.795667887266971	4.697003872315655	1545134608.3735
8.808439145315551	15.767200748643644	4.699592702334061	1545134608.4335
8.808024079479186	15.737688539417034	4.697058697696629	1545134608.4959
8.80759417266278	15.709647755951181	4.697058697696629	1545134608.5529
8.807135087713865	15.679703821233865	4.697058697696629	1545134608.6134
8.806660731905504	15.651195455606162	4.694443975057458	1545134608.674
8.806142432554797	15.622193846859652	4.694594990232633	1545134608.7335
8.805624253212132	15.593200189094405	4.694442451962119	1545134608.7936
8.805121183218391	15.565171593730623	4.694442451962119	1545134608.8535
8.804603650827023	15.53621454621785	4.694594482534187	1545134608.9134
8.804116485372235	15.506733915107349	4.6971366200287346	1545134608.976
8.803660243470963	15.479195256938322	4.6945097217037	1545134609.0335
8.803171672841922	15.449731427458543	4.697107182595695	1545134609.0937
8.80274130573555	15.421711643568626	4.696954390778519	1545134609.1539
8.802294194772106	15.392745829140111	4.696954390778519	1545134609.2158
8.801848821619528	15.363755040833029	4.6971008372728	1545134609.2735
8.801402558927348	15.334713548221306	4.69694677651207	1545134609.3342
8.80092686428536	15.306260809430512	4.694396769994166	1545134609.3933
8.800386527701045	15.276232354589412	4.694396769994166	1545134609.456
8.79988466789367	15.248229390025635	4.694541693393109	1545134609.5131
8.79931982238939	15.218740986997648	4.691931281047184	1545134609.5736
8.798726299889847	15.1897328523292	4.691931281047184	1545134609.6333
8.798135562451154	15.160752584136981	4.69208407286436	1545134609.6935
8.797544586492828	15.131760433886969	4.691931535198969	1545134609.7536
8.796998286756217	15.103239855229774	4.694541947544894	1545134609.8141
8.796454475331155	15.074810739681194	4.691983320440498	1545134609.8734
8.795870788015936	15.044290730457593	4.694549817778498	1545134609.9366
8.795369153612429	15.016287644892035	4.694404893774432	1545134609.9937
8.794867695838397	14.988288863887682	4.6945569243465	1545134610.0536
8.794380023635654	14.958802932812484	4.6971457543649064	1545134610.1136
8.793875476583134	14.928294831988389	4.694558953930039	1545134610.1773
8.79339242158549	14.90131247477518	4.694417583209974	1545134610.233
8.792826125857198	14.871808777771557	4.69197697088174	1545134610.2931
8.792234158349832	14.842811863452567	4.69197697088174	1545134610.3529
8.79159368789075	14.813325122277607	4.689366568822911	1545134610.4134
8.790900240043479	14.784816075370378	4.6867734182241625	1545134610.4735
8.79015865146065	14.755871702743834	4.6867734182241625	1545134610.5342
8.789466653849228	14.727343497278374	4.689500829949357	1545134610.5939
8.788801368333157	14.69838151840055	4.689343215904626	1545134610.656
8.788203042546595	14.670865802930914	4.69195184797781	1545134610.7131
8.787610570359659	14.641879852963383	4.69195184797781	1545134610.7735
8.787018105987817	14.61289428533939	4.69195184797781	1545134610.8334
8.786471468089877	14.584382685792837	4.694485862297215	1545134610.8958
8.785925904204731	14.555881237508357	4.692013533641604	1545134610.9531
8.785285989907944	14.526382149031193	4.689385869835599	1545134611.014
8.784619748485166	14.497424156377974	4.689385869835599	1545134611.0736
8.783951797702446	14.468391866884303	4.689385869835599	1545134611.1336
8.783260856850342	14.439953211186092	4.686809980984027	1545134611.1933
8.782520906941858	14.410943809627936	4.6869645494432035	1545134611.2542
8.781806502982707	14.38293369428053	4.686814041966474	1545134611.3135
8.781039838825784	14.352963065045179	4.686814041966474	1545134611.3757
8.780350920142975	14.325954857216512	4.686959473668986	1545134611.433
8.779614053164197	14.296984254440803	4.686959473668986	1545134611.493
8.778876260242937	14.267977247385087	4.686959473668986	1545134611.5532
8.778164028864193	14.238501307275106	4.6895016014815605	1545134611.6158
8.777545313568533	14.211472993539742	4.6895016014815605	1545134611.6732
8.776879465615517	14.182482351136668	4.689349063211046	1545134611.7333
8.776189039841679	14.152521149614849	4.689349063211046	1545134611.7936
8.775520362188091	14.12350371328585	4.689349063211046	1545134611.8532
8.774875779574286	14.095531887317792	4.689349063211046	1545134611.9135
8.77420814248285	14.066559606447166	4.689349063211046	1545134611.9735
8.773539123120003	14.037527341558174	4.689349063211046	1545134612.0335
8.77282298010399	14.008068168432379	4.686819115320198	1545134612.0958
8.772178223797349	13.980032570028397	4.691971407378145	1545134612.1538
8.771560132825755	13.951569315385285	4.689382577359739	1545134612.2138
8.770941404867374	13.923093705211922	4.691945525044477	1545134612.2732
8.770299816306272	13.8935952855174	4.689339433278894	1545134612.3336
8.769679192110939	13.865072071839718	4.6919282632973	1545134612.3936
8.769061390031888	13.836578802994172	4.689491717397623	1545134612.4536
8.768443917597976	13.808098065539989	4.691932329725858	1545134612.5137
8.767830378130814	13.778110073299594	4.691932329725858	1545134612.5758
8.767212034007477	13.749609992468889	4.689459990783151	1545134612.6331
8.766524550836879	13.719632104235924	4.689459990783151	1545134612.6938
8.765882289109408	13.691626109171782	4.689459990783151	1545134612.7529
8.76516782509037	13.662152855394407	4.68684526814398	1545134612.8135
8.764476509834866	13.633667512218988	4.689403905535472	1545134612.8728
8.763809966368287	13.604673650529366	4.689403905535472	1545134612.9336
8.763192150011605	13.576197888222161	4.691988425260632	1545134612.9935
8.762529453695032	13.545660889589398	4.689393501650623	1545134613.0574
8.761909182026699	13.518692008442066	4.689393501650623	1545134613.1136
8.761241544385495	13.489663695342587	4.689393501650623	1545134613.1731
8.760574357446881	13.46065497840588	4.689393501650623	1545134613.2333
8.759886327484292	13.430740024629742	4.689393501650623	1545134613.2959
8.75924186751459	13.402719456845624	4.689393501650623	1545134613.3531
8.75857442691529	13.373699710959496	4.689393501650623	1545134613.4137
8.75785799351241	13.344207764933767	4.686808992212558	1545134613.4736
8.757091049317326	13.314232109630654	4.686808992212558	1545134613.5362
8.756374601439138	13.286230079265344	4.686808992212558	1545134613.5936
8.755658270131834	13.258232605018572	4.686808992212558	1545134613.6537
8.754941836728953	13.228740658992843	4.689393501650623	1545134613.7136
8.754250369411224	13.20027897921325	4.68680466134512	1545134613.7736
8.753510762773804	13.171290239835269	4.686957199010512	1545134613.8337
8.75279876730797	13.14329998825469	4.686957199010512	1545134613.8934
8.752035690846698	13.113301620075159	4.686957199010512	1545134613.9539
8.75132029214536	13.08379444655725	4.6893404438348005	1545134614.0165
8.750652962369006	13.05631797779274	4.686872425472436	1545134614.0737
8.749913583834502	13.027347842065966	4.686872425472436	1545134614.1342
8.749221942998675	12.99881460661024	4.6894353628700784	1545134614.1936
8.748555696139844	12.969793915378288	4.6894353628700784	1545134614.2537
8.747865711545973	12.941331545308874	4.686868104892095	1545134614.3132
8.747125890527075	12.912348981866822	4.686868104892095	1545134614.3736
8.746386675984674	12.883390177203085	4.686868104892095	1545134614.4337
8.74562004783942	12.853357441867495	4.686868104892095	1545134614.4959
8.744905475557074	12.825364000240434	4.686868104892095	1545134614.5534
8.744165961572834	12.796393464912287	4.686868104892095	1545134614.6134
8.743377091838214	12.766915989660083	4.684399066291851	1545134614.6742
8.742562833044579	12.737910593233096	4.6842483052684605	1545134614.7336
8.741748785361027	12.708911929335578	4.684400589992314	1545134614.7936
8.740962996493225	12.680919796673543	4.6842485600253685	1545134614.8535
8.740173844120774	12.651430076615867	4.687021664610735	1545134614.9142
8.73946017203582	12.621924893594718	4.689389678481633	1545134614.9764
8.73883949409611	12.594942835665355	4.689389678481633	1545134615.0331
8.738152046116895	12.564957360805359	4.689544247545933	1545134615.094
8.737487170391692	12.535955008599757	4.689391963427203	1545134615.154
8.736771988317921	12.506480859099458	4.68686607228294	1545134615.2162
8.736057757218703	12.478503012618466	4.68686607228294	1545134615.2732
8.735317301381869	12.449497891234712	4.68686607228294	1545134615.3339
8.73457837841895	12.420552815557665	4.68686607228294	1545134615.3936
8.733837083958948	12.391514843643785	4.68686607228294	1545134615.4558
8.733123481513754	12.36356162278583	4.68686607228294	1545134615.5131
8.732384644947027	12.334531555925453	4.687021402592348	1545134615.5743
8.731696270639395	12.306053723443293	4.689421399044873	1545134615.6334
8.73098136062966	12.27656239528546	4.686883327978883	1545134615.6959
8.730315916822187	12.249066410746822	4.689501098624102	1545134615.7532
8.729626826584338	12.219064635333776	4.6893483068069255	1545134615.8134
8.72898266696346	12.191112083262604	4.6893483068069255	1545134615.8734
8.72831362339941	12.16207972163071	4.6893483068069255	1545134615.9339
8.727671012873616	12.134103292336437	4.689498306585208	1545134615.993
8.726984350272213	12.104111048767608	4.689498306585208	1545134616.0541
8.726340647379567	12.076087217755571	4.6893480526551405	1545134616.1133
8.725673313517182	12.047129366159105	4.6893480526551405	1545134616.1729
8.725029832965225	12.019113666313068	4.689500844472317	1545134616.2331
8.724391036306406	11.989609285389134	4.6919820629942866	1545134616.2942
8.723773916080386	11.96114847548494	4.689436377056724	1545134616.3532
8.723134693575853	11.931670749394831	4.691978514551272	1545134616.4158
8.722562839626208	11.903656957690663	4.691978514551272	1545134616.4731
8.72201658788434	11.875180183693494	4.694439429976374	1545134616.5337
8.721498353144826	11.84618935942539	4.694590699303334	1545134616.5933
8.720963579506757	11.816146167832157	4.694590699303334	1545134616.6559
8.720419829380674	11.78770531352928	4.691954662406266	1545134616.7136
8.71982653875759	11.758675323734657	4.691954662406266	1545134616.7746
8.719208807081385	11.73020247249752	4.689439179382714	1545134616.8329
8.718469516275933	11.69969066958078	4.686888928394998	1545134616.8957
8.717756770319498	11.671745963361765	4.686888928394998	1545134616.9531
8.71706625178311	11.643224356165721	4.689477758413404	1545134617.0131
8.716448091930335	11.61472226159789	4.691930550663365	1545134617.0735
8.715834381851908	11.584728539589117	4.691930550663365	1545134617.136
8.715261901302908	11.556749819594636	4.691930550663365	1545134617.1937
8.714717630008135	11.528242715641351	4.694667090068374	1545134617.2536
8.714218654933696	11.500210469545864	4.69451455179786	1545134617.3137
8.713712503879158	11.469728413619286	4.697056689292407	1545134617.3763
8.713255514409676	11.442258260017105	4.694452631951349	1545134617.4333
8.712691055611822	11.41281205647188	4.691991716526247	1545134617.4939
8.712145215631974	11.38426435817233	4.6945503436306435	1545134617.5532
8.711533408249517	11.354243302871968	4.68947470556637	1545134617.6138
8.710869662539016	11.325281900338473	4.68947470556637	1545134617.6728
8.710204872860787	11.296274946068568	4.68947470556637	1545134617.7335
8.709515478446892	11.26780082674296	4.68689018584121	1545134617.7934
8.708848514955307	11.238774130177289	4.691940682847854	1545134617.8537
8.708229761627102	11.210323478562984	4.689347532249105	1545134617.9138
8.707610013456192	11.181835569991764	4.691927731393924	1545134617.9736
8.707065960467327	11.153340686175527	4.69466885642328	1545134618.0336
8.706531911757546	11.123341455445543	4.69450870449144	1545134618.0967
8.70603073948652	11.095315105969274	4.69450870449144	1545134618.1531
8.705512186260448	11.0663167858782	4.69450870449144	1545134618.2129
8.705040393364117	11.0378553858469	4.697119116837365	1545134618.2734
8.704551176980525	11.00833135884226	4.694521655945371	1545134618.3336
8.704033409961875	10.979356012158455	4.694521655945371	1545134618.3936
8.703470184767097	10.949852256378666	4.6920810436171365	1545134618.4537
8.702878884155462	10.920848310840611	4.691928759498407	1545134618.5137
8.702240394121315	10.891356194159833	4.689556933350737	1545134618.576
8.701599134639954	10.863364160447016	4.689411755800009	1545134618.6332
8.7009357493765	10.834400520600731	4.689566070712524	1545134618.694
8.700318858297228	10.805872773244163	4.691970133593607	1545134618.7532
8.699706907845153	10.77590705533271	4.691970133593607	1545134618.8167
8.699135325787891	10.747918079046977	4.691970133593607	1545134618.8736
8.69854452083133	10.718880032741124	4.692121656467228	1545134618.9333
8.697975575050956	10.690916364304757	4.691970133593607	1545134618.993
8.697362997463209	10.660919937092254	4.691970133593607	1545134619.0567
8.696790680008307	10.632894950181605	4.691970133593607	1545134619.1131
8.696199719214878	10.603957044551203	4.691970133593607	1545134619.1734
8.695607035216122	10.574934757767855	4.691970133593607	1545134619.2335
8.694994217358854	10.544926565144223	4.691970133593607	1545134619.2959
8.69442312601453	10.516961617871706	4.691970133593607	1545134619.3531
8.693833049251573	10.48795791461277	4.692123686655891	1545134619.4136
8.693242985456848	10.458953943886232	4.6919714025371615	1545134619.4736
8.692602484027894	10.42941586223748	4.689445511392898	1545134619.5358
8.691961183283727	10.401469425151136	4.689445511392898	1545134619.5932
8.691321431122073	10.372012808361367	4.691902370071415	1545134619.6537
8.690726782831302	10.342990676939017	4.691902370071415	1545134619.7138
8.690153212089223	10.314997246679557	4.691902370071415	1545134619.7735
8.689559313572905	10.28601170840494	4.691902370071415	1545134619.8334
8.689012095734299	10.257499479833456	4.694495520670164	1545134619.8935
8.688448252741757	10.228006888272354	4.692050851595345	1545134619.9537
8.687885557433347	10.198514795110045	4.694572676311052	1545134620.0158
8.687386683764592	10.170516795002817	4.694572676311052	1545134620.0733
8.686822285482403	10.140993992559459	4.6919752051319605	1545134620.1335
8.68623050048657	10.112008526475641	4.6919752051319605	1545134620.1934
8.685659769248124	10.084054267629238	4.6919752051319605	1545134620.2534
8.685067297718733	10.055035175320917	4.6919752051319605	1545134620.313
8.684522562831736	10.026528067644083	4.694589927771132	1545134620.3736
8.684022869415369	9.998576076050849	4.694438151350848	1545134620.4334
8.683486194070994	9.96854962181053	4.694596780792472	1545134620.4959
8.682985911567052	9.940549964435975	4.694450080146406	1545134620.5537
8.682483433076431	9.912542417546078	4.694450080146406	1545134620.6133
8.681963804679384	9.88357895549292	4.694450080146406	1545134620.6734
8.68144309614946	9.854555288131884	4.694450080146406	1545134620.7335
8.680922842916756	9.825556998490484	4.694450080146406	1545134620.7933
8.680402564613816	9.796557311464246	4.694450080146406	1545134620.8536
8.679885465758376	9.767611957629803	4.694602364265135	1545134620.9136
8.679322410681271	9.738086487397016	4.69203992367372	1545134620.9767
8.678798692266021	9.710600338009554	4.694634842442743	1545134621.0335
8.678283558367005	9.681588522592536	4.694634842442743	1545134621.0937
8.677784513758217	9.653602887261162	4.69448255771889	1545134621.1537
8.677312137407235	9.625088185742007	4.697166306772574	1545134621.2159
8.676886363827755	9.59712064852227	4.697166306772574	1545134621.2731
8.676444857069283	9.568119655282134	4.697166306772574	1545134621.3334
8.675957281362853	9.53861828802083	4.694560215006991	1545134621.3938
8.675441094335676	9.509668872707516	4.694560215006991	1545134621.4558
8.674938918025688	9.481620841181428	4.694413260814263	1545134621.5137
8.674420126973786	9.452641128575676	4.694564783687884	1545134621.5734
8.673901143004265	9.42365043371958	4.694413514966047	1545134621.633
8.67336395551396	9.393635644165212	4.694573413956348	1545134621.696
8.672838227781707	9.366155735250901	4.691946515631314	1545134621.7535
8.672321143581227	9.33716837524952	4.69715869916248	1545134621.8139
8.67185001930395	9.308642033285139	4.694591441184496	1545134621.8734
8.671362450777272	9.279146070684016	4.697129512250486	1545134621.9359
8.670906775040494	9.251645809942838	4.694511741605267	1545134621.9932
8.670388512498686	9.222658820646695	4.694511741605267	1545134622.0531
8.669870243120569	9.19367144898826	4.694511741605267	1545134622.1135
8.669334216396622	9.163690889607496	4.694511741605267	1545134622.1761
8.66883348026207	9.135684171387302	4.694511741605267	1545134622.2335
8.668289287723542	9.107207357964233	4.692050826180165	1545134622.2941
8.667696782280538	9.078186082244882	4.691900318703436	1545134622.3534
8.667130075439397	9.04869140294696	4.694454636119709	1545134622.4163
8.666627739968419	9.02068471336721	4.694454636119709	1545134622.4737
8.666110812349622	8.991742589587536	4.694605651294885	1545134622.5332
8.665594831562633	8.96273078922023	4.694605651294885	1545134622.5934
8.665076307186924	8.933700915938415	4.694452605325924	1545134622.6537
8.664558861809857	8.904732480805077	4.694604381746207	1545134622.7135
8.664058732785724	8.876733676034371	4.694452351174139	1545134622.7734
8.663522972594954	8.846739273565227	4.694605396537977	1545134622.8337
8.663004695399612	8.817727570198366	4.694447528341461	1545134622.8959
8.66250264047784	8.789747613524064	4.694447528341461	1545134622.9536
8.661982288173357	8.76074792782557	4.694447528341461	1545134623.0139
8.661490636658836	8.731212956496366	4.697040668653114	1545134623.074
8.66100122209978	8.701738425777862	4.694531023859134	1545134623.1358
8.660484260036828	8.672792946666863	4.694531023859134	1545134623.1937
8.66001145925833	8.644254612814454	4.6971155332971986	1545134623.2536
8.659522782761652	8.614788736693512	4.694496490077685	1545134623.3143
8.658988453847819	8.584796061945772	4.694654611820863	1545134623.3766
8.658489223956385	8.55676236115037	4.69451070321369	1545134623.4333
8.657970924478025	8.527774990030117	4.69451070321369	1545134623.4937
8.657452338616643	8.49877160212562	4.69451070321369	1545134623.5529
8.65691681410103	8.468820871850554	4.69451070321369	1545134623.6165
8.656415896030424	8.440805605349672	4.69451070321369	1545134623.6738
8.655942981291293	8.412302780398408	4.697086592065262	1545134623.7335
8.655498678641079	8.383270190149235	4.697086592065262	1545134623.793
8.655040772805295	8.35334871095788	4.697086592065262	1545134623.856
8.654611273039624	8.325283402990804	4.697086592065262	1545134623.9134
8.654121628391907	8.295776100439955	4.694506382633348	1545134623.9732
8.653603630710627	8.266812609176334	4.694506382633348	1545134624.0333
8.653067392119283	8.236829189719245	4.694506382633348	1545134624.0967
8.652566154775052	8.208802841406701	4.694506382633348	1545134624.1531
8.65204773005443	8.179815472526073	4.694506382633348	1545134624.2135
8.651529730318233	8.150851866363071	4.694506382633348	1545134624.2736
8.650964791824633	8.121357284193909	4.691968311567358	1545134624.3361
8.650439331254741	8.093879719095739	4.6945677941762884	1545134624.393
8.649922282517503	8.06486964127463	4.6945677941762884	1545134624.4537
8.64940544279393	8.035871290593034	4.6945677941762884	1545134624.5135
8.648870835506797	8.005876054387121	4.6945677941762884	1545134624.576
8.648346535728747	7.978377048996327	4.6920825140667475	1545134624.6336
8.647755264808733	7.949373370056961	4.691928961004463	1545134624.6941
8.647163805941398	7.9203624587523525	4.692079722632977	1545134624.7535
8.646603363315368	7.89088870638643	4.694672873231726	1545134624.8136
8.646105538543933	7.8629109931431715	4.694521604509888	1545134624.8732
8.645587119410221	7.833899236244858	4.694521604509888	1545134624.9334
8.645068963848946	7.804902229379809	4.694521604509888	1545134624.9942
8.644532114384038	7.774859074808365	4.694521604509888	1545134625.0568
8.644006270316302	7.747421209745975	4.691931238688554	1545134625.1135
8.643459877607441	7.718909078500514	4.694524379000207	1545134625.1736
8.642941776850225	7.689910634670375	4.694524379000207	1545134625.2334
8.642395833432845	7.6614091149856645	4.691948490148635	1545134625.2931
8.641803520409203	7.632435713548114	4.691948490148635	1545134625.3536
8.641210227024702	7.6034143570806965	4.691948490148635	1545134625.4142
8.640664013217764	7.574914775301213	4.694502806959784	1545134625.4734
8.64009873934932	7.545405060993255	4.691968802322352	1545134625.5358
8.639527957563113	7.517457094687672	4.691968802322352	1545134625.5932
8.638935976814045	7.48847113467933	4.691968802322352	1545134625.6536
8.638343498173514	7.45946079573292	4.691968802322352	1545134625.7138
8.63775331058	7.43045046615702	4.692126670518868	1545134625.776
8.63718366538065	7.402440796583362	4.691982000666587	1545134625.833
8.63654427562387	7.372991140459269	4.68938021919425	1545134625.8933
8.635878889149732	7.343979932875485	4.689534787653427	1545134625.9542
8.635283907115426	7.316497389018817	4.691951030456236	1545134626.0137
8.634693762980083	7.287519041640697	4.692102553329858	1545134626.0734
8.634149505293248	7.258976699997737	4.694543165658092	1545134626.1335
8.633649974116562	7.230988168561605	4.694543165658092	1545134626.1937
8.633145461834046	7.2005299564976095	4.697109662996092	1545134626.2569
8.632732699269086	7.17351759507346	4.697109662996092	1545134626.3133
8.632289364155595	7.144504478734262	4.697109662996092	1545134626.3735
8.631846587188694	7.115527889102459	4.697109662996092	1545134626.4335
8.631358242730709	7.086016801478076	4.6945756583586595	1545134626.4959
8.63085972625124	7.058034163046094	4.6945756583586595	1545134626.5529
8.630325569443054	7.028050968016322	4.6945756583586595	1545134626.6141
8.629826584855552	7.000042053827429	4.6945756583586595	1545134626.6732
8.629309521069985	6.971018321305596	4.6945756583586595	1545134626.7333
8.628793325967832	6.942043349566845	4.6945756583586595	1545134626.7938
8.628294593687103	6.914048597816885	4.6945756583586595	1545134626.8535
8.62777795711711	6.885048845683689	4.6945756583586595	1545134626.9138
8.627289610936112	6.855537645300481	4.697109672678065	1545134626.9762
8.6268624130947	6.827580580428662	4.697109672678065	1545134627.0328
8.626419107782791	6.7985693960038045	4.697109672678065	1545134627.0935
8.625976153105412	6.7695811581189185	4.697109672678065	1545134627.1534
8.625517975317448	6.739596675756783	4.697109672678065	1545134627.2164
8.625103515075391	6.712600795554741	4.6969652563724456	1545134627.2733
8.624700538487346	6.684064644503696	4.699571348138028	1545134627.3337
8.62433168267909	6.655117022058663	4.699723632256758	1545134627.3937
8.623963940118777	6.626083244773949	4.699723632256758	1545134627.4532
8.623594466505208	6.59708742580032	4.6995710945913665	1545134627.5133
8.623235841470693	6.569110472377584	4.6995710945913665	1545134627.5736
8.622866367857121	6.540114653403955	4.699723632256758	1545134627.6337
8.622497052680368	6.5111283819690335	4.699573631873352	1545134627.6928
8.62216851037606	6.482591276879468	4.702179723638935	1545134627.7532
8.621872528701326	6.453600783374514	4.702179723638935	1545134627.8136
8.621544865800667	6.425108018335278	4.699599524494116	1545134627.8734
8.621204049930117	6.395634791715283	4.702052316744076	1545134627.9338
8.62087494978754	6.367124658825789	4.699640130687852	1545134627.9932
8.620548518848379	6.338600828792252	4.702250532746681	1545134628.0537
8.62025205936	6.309580138616003	4.702097233231059	1545134628.1141
8.61994359025291	6.279608724492939	4.702097233231059	1545134628.1759
8.619655586344559	6.251625745945453	4.702097233231059	1545134628.2336
8.619315883155576	6.22211857004743	4.699656620902824	1545134628.2937
8.6189593955619	6.194121533817088	4.699656620902824	1545134628.3534
8.618575211409768	6.164137028128334	4.6994972302160924	1545134628.4162
8.618216291207888	6.136139834040549	4.699642408371943	1545134628.4734
8.617846758888376	6.107150682631059	4.699642408371943	1545134628.5333
8.617476757107752	6.078124702834684	4.699642408371943	1545134628.5934
8.617094370302288	6.048127139928157	4.699642408371943	1545134628.6559
8.616737791720418	6.02015418613393	4.699642408371943	1545134628.7137
8.61636811346202	5.99115358607914	4.699642408371943	1545134628.7735
8.616040886878425	5.962613730528508	4.702205356056681	1545134628.8329
8.615735835911432	5.932659716921069	4.702205356056681	1545134628.8957
8.615450673285244	5.904658608551026	4.702205356056681	1545134628.9532
8.615155186393622	5.875643724711487	4.702205356056681	1545134629.0134
8.614857441941638	5.84662379564815	4.702053326089736	1545134629.0733
8.614549925146058	5.816642123404465	4.702211701984699	1545134629.1357
8.614234062032349	5.789149351354903	4.699589367499573	1545134629.1931
8.613895056807735	5.759657603644979	4.702199769558401	1545134629.2536
8.613609696220433	5.731652420837582	4.702199769558401	1545134629.3137
8.61330373394144	5.701625395604703	4.702199769558401	1545134629.376
8.612988202879102	5.674190023502058	4.699577435073275	1545134629.4334
8.612574054939667	5.644672846913692	4.697140879491625	1545134629.4934
8.61213200665252	5.615684710600895	4.697140879491625	1545134629.5533
8.611673802258316	5.585637107602637	4.697140879491625	1545134629.6163
8.611247702277796	5.557694811076796	4.697140879491625	1545134629.6731
8.610804915270704	5.528658231833524	4.697140879491625	1545134629.7336
8.610363361499282	5.499702524306594	4.697140879491625	1545134629.7927
8.609951210794199	5.470191011690739	4.699707376829625	1545134629.8559
8.60959599345525	5.442182069854534	4.699707376829625	1545134629.9133
8.609269637112776	5.413688489970209	4.70216422582617	1545134629.9738
8.60901485822607	5.385159662784124	4.704753055844576	1545134630.0338
8.608793769686235	5.356206489972025	4.704753055844576	1545134630.0958
8.608579946326191	5.328204745968391	4.704753055844576	1545134630.1533
8.608358495042394	5.299204069162518	4.704753055844576	1545134630.2141
8.608104396035165	5.270689386137588	4.702203049326672	1545134630.2732
8.607722751440216	5.24070649641685	4.697118793701524	1545134630.3358
8.607250573915255	5.2122248406208165	4.694505597788432	1545134630.393
8.606733810585842	5.183207237304975	4.694658897304054	1545134630.4534
8.606217692072903	5.154225429354543	4.6945061048817545	1545134630.5136
8.605625946448502	5.125210036772014	4.68948911597257	1545134630.5735
8.604961838084133	5.096214569315105	4.68948911597257	1545134630.6333
8.604247579603614	5.066706432851813	4.68688734478733	1545134630.6936
8.603508325957701	5.037724237480104	4.68688734478733	1545134630.7535
8.602769235239835	5.008748429648736	4.68688734478733	1545134630.8157
8.602055204509176	4.980755090350656	4.68688734478733	1545134630.8732
8.601317691113385	4.95175449437094	4.687039628906059	1545134630.9332
8.600582841310962	4.92277180445816	4.687039628906059	1545134630.9936
8.599795502774425	4.8932831751547265	4.684351548984937	1545134631.0559
8.599032610270951	4.864804556599792	4.686862711428146	1545134631.1141
8.598294737192077	4.835818490942156	4.687013980755107	1545134631.1737
8.597532315983154	4.807316387143561	4.684277441350098	1545134631.2336
8.596720466702966	4.778366096278367	4.684429471922166	1545134631.2935
8.595908740470176	4.749341454989552	4.684429471922166	1545134631.353
8.595098591516454	4.72037321197556	4.684429471922166	1545134631.4135
8.594287752901385	4.691380308956275	4.684429471922166	1545134631.4738
8.59351292794993	4.664901675759713	4.68184064190376	1545134631.5338
8.592717902641887	4.63888461473299	4.68184064190376	1545134631.5935
8.592001275237005	4.61638855304333	4.679247491305011	1545134631.6536
8.591371979723446	4.59740735706094	4.679247491305011	1545134631.7137
8.590765631874584	4.580408201743992	4.674222115386928	1545134631.7737
8.590234070601099	4.566918687118399	4.671785569487251	1545134631.8337
8.589787059558484	4.555936122129393	4.671633538915183	1545134631.8936
8.589420437422717	4.546928623323696	4.671785569487251	1545134631.9535
8.58905627637773	4.537964822208898	4.671785569487251	1545134632.0158
8.588730091578471	4.529950223103848	4.671639630691415	1545134632.0733
8.588415577412409	4.522474378410546	4.669046480092667	1545134632.1334
8.58806837316132	4.51446868410549	4.669046480092667	1545134632.1932
8.587690342749879	4.505993140057907	4.666585574349537	1545134632.2538
8.587324521462277	4.4979987584645595	4.666736589524713	1545134632.3133
8.586959126681144	4.4900004719727855	4.666736589524713	1545134632.3735
8.586594072092783	4.4820096321096505	4.666736589524713	1545134632.4341
8.586215666016761	4.47350678100654	4.669093193795842	1545134632.496
8.585883379090047	4.466049588332528	4.666625175433477	1545134632.5532
8.585468903664133	4.4569990726010715	4.666625175433477	1545134632.6136
8.58514943752726	4.4500231866579	4.666625175433477	1545134632.6738
8.584845298358214	4.443563732113898	4.664053596875151	1545134632.7334
8.584652036891793	4.439568502889134	4.664053596875151	1545134632.7931
8.584626649559764	4.4390574334055	4.661456135983157	1545134632.8533
8.584626649559764	4.4390574334055	4.661456135983157	1545134632.9137
8.584626649559764	4.4390574334055	4.661456135983157	1545134632.9729
8.584626649559764	4.4390574334055	4.661456135983157	1545134633.0334
8.584626649559764	4.4390574334055	4.661456135983157	1545134633.0936
8.584626649559764	4.4390574334055	4.661456135983157	1545134633.1535
8.584626649559764	4.4390574334055	4.661456135983157	1545134633.2159
8.584625182888205	4.439028620632165	4.661602583082561	1545134633.2736
8.584625182888205	4.439028620632165	4.661602583082561	1545134633.3337
8.584625182888205	4.439028620632165	4.661602583082561	1545134633.3935
8.584625182888205	4.439028620632165	4.661602583082561	1545134633.4558
8.584625182888205	4.439028620632165	4.661602583082561	1545134633.5137
8.584625182888205	4.439028620632165	4.661602583082561	1545134633.5741
8.584625182888205	4.439028620632165	4.661602583082561	1545134633.6338
8.584625182888205	4.439028620632165	4.661602583082561	1545134633.6935
8.584625182888205	4.439028620632165	4.661602583082561	1545134633.7535
8.584625182888205	4.439028620632165	4.661602583082561	1545134633.8135
8.584625182888205	4.439028620632165	4.661602583082561	1545134633.8735
8.584625182888205	4.439028620632165	4.661602583082561	1545134633.9338
8.584625182888205	4.439028620632165	4.661602583082561	1545134633.9934
8.584625182888205	4.439028620632165	4.661602583082561	1545134634.0534
8.584625182888205	4.439028620632165	4.661602583082561	1545134634.1138
8.584625182888205	4.439028620632165	4.661602583082561	1545134634.173
8.584625182888205	4.439028620632165	4.661602583082561	1545134634.2334
8.584625182888205	4.439028620632165	4.661602583082561	1545134634.293
8.584625182888205	4.439028620632165	4.661602583082561	1545134634.3534
8.584625182888205	4.439028620632165	4.661602583082561	1545134634.4159
8.584625182888205	4.439028620632165	4.661602583082561	1545134634.4739
8.584625182888205	4.439028620632165	4.661602583082561	1545134634.5337
8.584625182888205	4.439028620632165	4.661602583082561	1545134634.5934
8.584625182888205	4.439028620632165	4.661602583082561	1545134634.6559
8.584625182888205	4.439028620632165	4.661602583082561	1545134634.7131
8.584625182888205	4.439028620632165	4.661602583082561	1545134634.7736
8.584625182888205	4.439028620632165	4.661602583082561	1545134634.8331
8.584625182888205	4.439028620632165	4.661602583082561	1545134634.8957
8.584625182888205	4.439028620632165	4.661602583082561	1545134634.9531
8.584625182888205	4.439028620632165	4.661602583082561	1545134635.0135
8.584625182888205	4.439028620632165	4.661602583082561	1545134635.0734
8.584625182888205	4.439028620632165	4.661602583082561	1545134635.1357
8.584625182888205	4.439028620632165	4.661602583082561	1545134635.1934
8.584625182888205	4.439028620632165	4.661602583082561	1545134635.2535
8.584625182888205	4.439028620632165	4.661602583082561	1545134635.3134
8.584625182888205	4.439028620632165	4.661602583082561	1545134635.3758
8.584625182888205	4.439028620632165	4.661602583082561	1545134635.4332
8.584625182888205	4.439028620632165	4.661602583082561	1545134635.4937
8.584625182888205	4.439028620632165	4.661602583082561	1545134635.5535
8.584625182888205	4.439028620632165	4.661602583082561	1545134635.6158
8.584625182888205	4.439028620632165	4.661602583082561	1545134635.6737
8.584625182888205	4.439028620632165	4.661602583082561	1545134635.7336
8.584625182888205	4.439028620632165	4.661602583082561	1545134635.7933
8.584625182888205	4.439028620632165	4.661602583082561	1545134635.8558
8.584625182888205	4.439028620632165	4.661602583082561	1545134635.9136
8.584625182888205	4.439028620632165	4.661602583082561	1545134635.9738
8.584625182888205	4.439028620632165	4.661602583082561	1545134636.0335
8.584625182888205	4.439028620632165	4.661602583082561	1545134636.097
8.584625182888205	4.439028620632165	4.661602583082561	1545134636.1536
8.584625182888205	4.439028620632165	4.661602583082561	1545134636.2135
8.584625182888205	4.439028620632165	4.661602583082561	1545134636.2736
8.584625182888205	4.439028620632165	4.661602583082561	1545134636.3361
8.584625182888205	4.439028620632165	4.661602583082561	1545134636.3936
8.584625182888205	4.439028620632165	4.661602583082561	1545134636.4539
8.584625182888205	4.439028620632165	4.661602583082561	1545134636.5135
8.584625182888205	4.439028620632165	4.661602583082561	1545134636.5764
8.584625182888205	4.439028620632165	4.661602583082561	1545134636.633
8.584625182888205	4.439028620632165	4.661602583082561	1545134636.6932
8.584625182888205	4.439028620632165	4.661602583082561	1545134636.7536
8.584625182888205	4.439028620632165	4.661602583082561	1545134636.8164
8.584625182888205	4.439028620632165	4.661602583082561	1545134636.8732
8.584625182888205	4.439028620632165	4.661602583082561	1545134636.9334
8.584625182888205	4.439028620632165	4.661602583082561	1545134636.9937
8.584625182888205	4.439028620632165	4.661602583082561	1545134637.0557
8.584625182888205	4.439028620632165	4.661602583082561	1545134637.1133
8.584625182888205	4.439028620632165	4.661602583082561	1545134637.1736
8.584625182888205	4.439028620632165	4.661602583082561	1545134637.2336
8.584625182888205	4.439028620632165	4.661602583082561	1545134637.2939
8.584625182888205	4.439028620632165	4.661602583082561	1545134637.3531
8.584625182888205	4.439028620632165	4.661602583082561	1545134637.4133
8.584625182888205	4.439028620632165	4.661602583082561	1545134637.4741
8.584625182888205	4.439028620632165	4.661602583082561	1545134637.5359
8.584625182888205	4.439028620632165	4.661602583082561	1545134637.5934
8.584625182888205	4.439028620632165	4.661602583082561	1545134637.6535
8.584625182888205	4.439028620632165	4.661602583082561	1545134637.7135
8.584625182888205	4.439028620632165	4.661602583082561	1545134637.7762
8.584625182888205	4.439028620632165	4.661602583082561	1545134637.8328
8.584625182888205	4.439028620632165	4.661602583082561	1545134637.8934
8.584625182888205	4.439028620632165	4.661602583082561	1545134637.953
8.584625182888205	4.439028620632165	4.661602583082561	1545134638.0161
8.584625182888205	4.439028620632165	4.661602583082561	1545134638.0732
8.584625182888205	4.439028620632165	4.661602583082561	1545134638.1336
8.584625182888205	4.439028620632165	4.661602583082561	1545134638.1935
8.584625182888205	4.439028620632165	4.661602583082561	1545134638.2533
8.584625182888205	4.439028620632165	4.661602583082561	1545134638.3136
8.584625182888205	4.439028620632165	4.661602583082561	1545134638.3738
8.584625182888205	4.439028620632165	4.661602583082561	1545134638.4336
8.584625182888205	4.439028620632165	4.661602583082561	1545134638.4963
8.584625182888205	4.439028620632165	4.661602583082561	1545134638.5536
8.584625182888205	4.439028620632165	4.661602583082561	1545134638.6132
8.584625182888205	4.439028620632165	4.661602583082561	1545134638.6741
8.584625182888205	4.439028620632165	4.661602583082561	1545134638.736
8.584625182888205	4.439028620632165	4.661602583082561	1545134638.7932
8.584625182888205	4.439028620632165	4.661602583082561	1545134638.8537
8.584625182888205	4.439028620632165	4.661602583082561	1545134638.9142
8.584625182888205	4.439028620632165	4.661602583082561	1545134638.9761
8.584625182888205	4.439028620632165	4.661602583082561	1545134639.0338
8.584625182888205	4.439028620632165	4.661602583082561	1545134639.093
8.584625182888205	4.439028620632165	4.661602583082561	1545134639.1534
8.584625182888205	4.439028620632165	4.661602583082561	1545134639.2159
8.584625182888205	4.439028620632165	4.661602583082561	1545134639.2737
8.584625182888205	4.439028620632165	4.661602583082561	1545134639.3335
8.584625182888205	4.439028620632165	4.661602583082561	1545134639.3936
8.584625182888205	4.439028620632165	4.661602583082561	1545134639.456
8.584625182888205	4.439028620632165	4.661602583082561	1545134639.5141
8.584625182888205	4.439028620632165	4.661602583082561	1545134639.5736
8.584625182888205	4.439028620632165	4.661602583082561	1545134639.6337
8.584625182888205	4.439028620632165	4.661602583082561	1545134639.6961
8.584625182888205	4.439028620632165	4.661602583082561	1545134639.7534
8.584625182888205	4.439028620632165	4.661602583082561	1545134639.8135
8.584625182888205	4.439028620632165	4.661602583082561	1545134639.8733
8.584625182888205	4.439028620632165	4.661602583082561	1545134639.9359
8.584625182888205	4.439028620632165	4.661602583082561	1545134639.9931
8.584625182888205	4.439028620632165	4.661602583082561	1545134640.0535
8.584625182888205	4.439028620632165	4.661602583082561	1545134640.1132
8.584625182888205	4.439028620632165	4.661602583082561	1545134640.1776
8.584625182888205	4.439028620632165	4.661602583082561	1545134640.234
8.584625182888205	4.439028620632165	4.661602583082561	1545134640.2935
8.584625182888205	4.439028620632165	4.661602583082561	1545134640.3533
8.584625182888205	4.439028620632165	4.661602583082561	1545134640.4159
8.584625182888205	4.439028620632165	4.661602583082561	1545134640.4733
8.584625182888205	4.439028620632165	4.661602583082561	1545134640.5336
8.584625182888205	4.439028620632165	4.661602583082561	1545134640.5936
8.584625182888205	4.439028620632165	4.661602583082561	1545134640.6559
8.584625182888205	4.439028620632165	4.661602583082561	1545134640.7133
8.584625182888205	4.439028620632165	4.661602583082561	1545134640.7738
8.584625182888205	4.439028620632165	4.661602583082561	1545134640.8336
8.584625182888205	4.439028620632165	4.661602583082561	1545134640.8939
8.584625182888205	4.439028620632165	4.661602583082561	1545134640.9537
8.584625182888205	4.439028620632165	4.661602583082561	1545134641.0141
8.584625182888205	4.439028620632165	4.661602583082561	1545134641.0741
8.584625182888205	4.439028620632165	4.661602583082561	1545134641.1368
8.584625182888205	4.439028620632165	4.661602583082561	1545134641.1938
8.584625182888205	4.439028620632165	4.661602583082561	1545134641.2538
8.584625182888205	4.439028620632165	4.661602583082561	1545134641.3134
8.584625182888205	4.439028620632165	4.661602583082561	1545134641.3759
8.584625182888205	4.439028620632165	4.661602583082561	1545134641.4331
8.584625182888205	4.439028620632165	4.661602583082561	1545134641.4941
8.584625182888205	4.439028620632165	4.661602583082561	1545134641.553
8.584625182888205	4.439028620632165	4.661602583082561	1545134641.6158
8.584625182888205	4.439028620632165	4.661602583082561	1545134641.6733
8.584625182888205	4.439028620632165	4.661602583082561	1545134641.7334
8.584625182888205	4.439028620632165	4.661602583082561	1545134641.7929
8.584625182888205	4.439028620632165	4.661602583082561	1545134641.8559
