8.9015	21.0001	4.6666	1545134909.3161
8.9015	21.0002	4.6665	1545134909.3727
8.9015	21.0002	4.6667	1545134909.433
8.9015	21.0002	4.6666	1545134909.4928
8.9016	21.0002	4.6666	1545134909.5557
8.9016	21.0002	4.6666	1545134909.6131
8.9016	21.0002	4.6665	1545134909.6739
8.9023	21.0009	4.6672	1545134909.7332
8.9032	21.0007	4.6667	1545134909.7957
8.9031	21.0006	4.6666	1545134909.8533
8.903	21.0006	4.6665	1545134909.9135
8.903	21.0007	4.6665	1545134909.9734
8.903	21.0007	4.6661	1545134910.0338
8.9031	21.001	4.6663	1545134910.0928
8.903	21.0011	4.6664	1545134910.1539
8.903	21.0011	4.6664	1545134910.2133
8.903	21.001	4.6664	1545134910.2762
8.9037	21.0017	4.6671	1545134910.3329
8.9038	21.0014	4.6667	1545134910.3931
8.9041	21.0013	4.6665	1545134910.4534
8.904	21.0013	4.6664	1545134910.5127
8.904	21.0012	4.6664	1545134910.5727
8.904	21.0013	4.6665	1545134910.6329
8.904	21.0012	4.6665	1545134910.6933
8.904	21.0012	4.6664	1545134910.7527
8.9039	21.0011	4.6664	1545134910.8131
8.9039	21.0011	4.6664	1545134910.8734
8.9046	21.0017	4.667	1545134910.9331
8.9054	21.0014	4.6666	1545134910.9956
8.9052	21.0014	4.6664	1545134911.0531
8.9052	21.0014	4.6663	1545134911.114
8.9052	21.0013	4.6663	1545134911.1734
8.9052	21.0014	4.666	1545134911.2326
8.9052	21.0017	4.6662	1545134911.2929
8.9051	21.0017	4.6663	1545134911.3534
8.905	21.0017	4.6662	1545134911.4128
8.905	21.0016	4.6663	1545134911.4761
8.9056	21.0021	4.6669	1545134911.5329
8.9063	21.0019	4.6665	1545134911.5936
8.9062	21.0018	4.6664	1545134911.6531
8.9061	21.0018	4.6662	1545134911.7157
8.9061	21.0017	4.6663	1545134911.7731
8.9061	21.0017	4.6664	1545134911.8334
8.906	21.0016	4.6663	1545134911.8932
8.906	21.0016	4.6663	1545134911.9558
8.9059	21.0016	4.6663	1545134912.0137
8.9059	21.0015	4.6663	1545134912.0735
8.9065	21.0021	4.6669	1545134912.1331
8.9073	21.0019	4.6665	1545134912.1958
8.9071	21.0018	4.6663	1545134912.2532
8.9071	21.0018	4.6662	1545134912.3135
8.907	21.0017	4.6663	1545134912.373
8.907	21.0018	4.6664	1545134912.4358
8.907	21.0017	4.6663	1545134912.493
8.907	21.0017	4.6663	1545134912.5538
8.9068	21.0016	4.6662	1545134912.6135
8.9068	21.0016	4.6663	1545134912.6758
8.9068	21.0016	4.6667	1545134912.7329
8.9067	21.0013	4.6665	1545134912.7933
8.9068	21.0013	4.6664	1545134912.8528
8.9066	21.0013	4.6663	1545134912.9126
8.9066	21.0013	4.6663	1545134912.973
8.9072	21.0019	4.6669	1545134913.0334
8.9079	21.0017	4.6665	1545134913.0934
8.9077	21.0016	4.6664	1545134913.156
8.9076	21.0016	4.6662	1545134913.2131
8.9076	21.0015	4.6662	1545134913.2732
8.9075	21.0016	4.6667	1545134913.3331
8.9077	21.0014	4.6665	1545134913.3956
8.9076	21.0013	4.6663	1545134913.4529
8.9075	21.0012	4.6662	1545134913.5127
8.9074	21.0012	4.6662	1545134913.5731
8.9074	21.0013	4.6659	1545134913.6333
8.907	21.0016	4.6662	1545134913.6933
8.9071	21.0016	4.6662	1545134913.7537
8.9071	21.0016	4.6662	1545134913.8135
8.9071	21.0016	4.6662	1545134913.876
8.9069	21.0016	4.6667	1545134913.933
8.9069	21.0013	4.6664	1545134913.9932
8.9069	21.0013	4.6664	1545134914.0535
8.9067	21.0012	4.6663	1545134914.1157
8.9067	21.0013	4.6663	1545134914.173
8.9067	21.0013	4.6664	1545134914.2331
8.9067	21.0013	4.6664	1545134914.2936
8.9067	21.0013	4.6663	1545134914.3561
8.9066	21.0013	4.6663	1545134914.4131
8.9066	21.0013	4.6663	1545134914.4732
8.9072	21.0019	4.6669	1545134914.5336
8.9073	21.0016	4.6664	1545134914.5931
8.9074	21.0016	4.6664	1545134914.6531
8.9073	21.0015	4.6663	1545134914.7134
8.9073	21.0016	4.6663	1545134914.7733
8.9073	21.0015	4.6662	1545134914.8363
8.9071	21.0015	4.6663	1545134914.8931
8.9071	21.0015	4.6663	1545134914.9535
8.907	21.0015	4.6662	1545134915.0129
8.9068	21.0015	4.6663	1545134915.0735
8.9071	21.0011	4.6667	1545134915.1332
8.9069	21.0008	4.6665	1545134915.1934
8.9069	21.0008	4.6665	1545134915.2537
8.9067	21.0008	4.6663	1545134915.3158
8.9067	21.0009	4.6662	1545134915.373
8.9074	21.0016	4.6669	1545134915.4331
8.9081	21.0014	4.6666	1545134915.4936
8.9079	21.0013	4.6664	1545134915.5561
8.9078	21.0013	4.6662	1545134915.6136
8.9078	21.0013	4.6662	1545134915.6737
8.9078	21.0013	4.6663	1545134915.7332
8.9077	21.0014	4.6664	1545134915.7958
8.9077	21.0013	4.6663	1545134915.8533
8.9076	21.0013	4.6662	1545134915.9134
8.9076	21.0013	4.6662	1545134915.9729
8.9076	21.0013	4.6659	1545134916.0328
8.9072	21.0017	4.6662	1545134916.0931
8.9072	21.0017	4.6662	1545134916.1536
8.9072	21.0017	4.6662	1545134916.2135
8.9072	21.0016	4.6662	1545134916.2763
8.9071	21.0016	4.6664	1545134916.3331
8.9071	21.0016	4.6664	1545134916.3928
8.9071	21.0016	4.6663	1545134916.4534
8.907	21.0016	4.6662	1545134916.5157
8.9045	20.9977	4.6683	1545134916.5732
8.9039	20.9973	4.6673	1545134916.6334
8.9042	20.997	4.667	1545134916.6929
8.9041	20.997	4.6669	1545134916.7558
8.904	20.9969	4.6668	1545134916.8129
8.9039	20.9977	4.6664	1545134916.8734
8.9039	20.9977	4.6665	1545134916.9335
8.9037	20.9979	4.6667	1545134916.996
8.9037	20.9979	4.6668	1545134917.0532
8.9037	20.9979	4.6667	1545134917.1138
8.9037	20.9985	4.6664	1545134917.1728
8.9036	20.9985	4.6665	1545134917.2362
8.9035	20.9986	4.6667	1545134917.2936
8.9035	20.9986	4.6667	1545134917.3538
8.9035	20.9986	4.6666	1545134917.4135
8.9034	20.9986	4.6667	1545134917.4737
8.9034	20.9987	4.6667	1545134917.533
8.9034	20.9987	4.6667	1545134917.5935
8.9034	20.9987	4.6667	1545134917.6533
8.9033	20.9987	4.6666	1545134917.7158
8.9033	20.9991	4.6664	1545134917.7728
8.9041	20.9999	4.6672	1545134917.8342
8.9048	20.9997	4.6668	1545134917.8931
8.9047	20.9996	4.6667	1545134917.954
8.9046	20.9996	4.6665	1545134918.0134
8.9046	20.9999	4.6663	1545134918.0747
8.9046	20.9999	4.6665	1545134918.133
8.9045	21.0	4.6665	1545134918.1958
8.9045	21.0	4.6665	1545134918.253
8.9045	21.0	4.6665	1545134918.3128
8.9045	21.0002	4.6664	1545134918.3736
8.9045	21.0002	4.666	1545134918.4329
8.9041	21.0006	4.6663	1545134918.493
8.9042	21.0007	4.6664	1545134918.5531
8.9042	21.0007	4.6664	1545134918.6135
8.9042	21.0007	4.6664	1545134918.6761
8.9042	21.0007	4.6665	1545134918.733
8.9042	21.0007	4.6665	1545134918.7931
8.9042	21.0007	4.6665	1545134918.8532
8.9042	21.0007	4.6664	1545134918.9158
8.9042	21.0007	4.6664	1545134918.9733
8.9042	21.0008	4.6665	1545134919.0334
8.9042	21.0007	4.6665	1545134919.0929
8.9042	21.0007	4.6665	1545134919.1558
8.9042	21.0007	4.6664	1545134919.2132
8.9042	21.0008	4.6664	1545134919.2735
8.9041	21.0008	4.6665	1545134919.3328
8.9042	21.0008	4.6665	1545134919.3957
8.9042	21.0008	4.6665	1545134919.4531
8.9041	21.0007	4.6664	1545134919.5133
8.9041	21.0008	4.6664	1545134919.5734
8.9041	21.0008	4.6665	1545134919.6362
8.9042	21.0008	4.6665	1545134919.693
8.9042	21.0007	4.6665	1545134919.7535
8.9041	21.0007	4.6664	1545134919.8134
8.9041	21.0008	4.6664	1545134919.876
8.9041	21.0008	4.6665	1545134919.9333
8.9041	21.0007	4.6665	1545134919.9932
8.9041	21.0007	4.6665	1545134920.0535
8.9041	21.0007	4.6664	1545134920.1137
8.9041	21.0007	4.6664	1545134920.1729
8.9047	21.0014	4.667	1545134920.2331
8.9055	21.0012	4.6666	1545134920.2932
8.9054	21.0011	4.6665	1545134920.3557
8.9053	21.0011	4.6664	1545134920.4133
8.9053	21.0011	4.6663	1545134920.4733
8.9053	21.0011	4.6665	1545134920.5336
8.9053	21.0011	4.6664	1545134920.596
8.9053	21.0011	4.6664	1545134920.653
8.9052	21.0011	4.6663	1545134920.7132
8.9052	21.001	4.6663	1545134920.7738
8.9052	21.0011	4.666	1545134920.8358
8.9048	21.0014	4.6662	1545134920.893
8.9049	21.0015	4.6663	1545134920.9534
8.9049	21.0014	4.6663	1545134921.0138
8.9049	21.0018	4.666	1545134921.0758
8.9048	21.0017	4.6663	1545134921.1338
8.9048	21.0017	4.6663	1545134921.1934
8.9048	21.0017	4.6663	1545134921.2533
8.9047	21.0017	4.6662	1545134921.3157
8.9047	21.0015	4.6663	1545134921.3731
8.9047	21.0016	4.6665	1545134921.4338
8.9048	21.0015	4.6664	1545134921.4935
8.9048	21.0015	4.6664	1545134921.5534
8.9047	21.0014	4.6663	1545134921.6137
8.9047	21.0014	4.6663	1545134921.6734
8.9047	21.0014	4.6665	1545134921.7333
8.9047	21.0013	4.6664	1545134921.7957
8.9047	21.0013	4.6664	1545134921.8534
8.9047	21.0013	4.6663	1545134921.9138
8.9047	21.0013	4.6664	1545134921.9733
8.9052	21.0018	4.6669	1545134922.036
8.9059	21.0016	4.6665	1545134922.0928
8.9057	21.0016	4.6664	1545134922.1534
8.9057	21.0016	4.6663	1545134922.213
8.9057	21.0015	4.6663	1545134922.2733
8.9056	21.0016	4.6664	1545134922.3329
8.9057	21.0015	4.6664	1545134922.3933
8.9057	21.0015	4.6664	1545134922.454
8.9056	21.0014	4.6663	1545134922.5133
8.9056	21.0014	4.6663	1545134922.573
8.9055	21.0014	4.6664	1545134922.6335
8.9056	21.0014	4.6664	1545134922.6936
8.9056	21.0013	4.6664	1545134922.7528
8.9055	21.0013	4.6663	1545134922.8132
8.9055	21.0012	4.6663	1545134922.8729
8.9054	21.0013	4.6664	1545134922.9335
8.9055	21.0012	4.6664	1545134922.9957
8.9054	21.0012	4.6664	1545134923.0529
8.9054	21.0012	4.6663	1545134923.1132
8.9054	21.0012	4.6663	1545134923.1733
8.9054	21.0012	4.666	1545134923.2339
8.905	21.0015	4.6662	1545134923.2928
8.9051	21.0016	4.6663	1545134923.3534
8.9051	21.0015	4.6663	1545134923.4131
8.9051	21.0014	4.6663	1545134923.4758
8.905	21.0015	4.6665	1545134923.5333
8.9051	21.0014	4.6664	1545134923.5934
8.9051	21.0014	4.6664	1545134923.6534
8.905	21.0014	4.6663	1545134923.716
8.905	21.0013	4.6663	1545134923.7734
8.905	21.0013	4.6665	1545134923.8334
8.905	21.0013	4.6664	1545134923.8928
8.905	21.0013	4.6664	1545134923.9564
8.9049	21.0012	4.6663	1545134924.0136
8.9049	21.0012	4.6663	1545134924.0742
8.9049	21.0012	4.6665	1545134924.134
8.9049	21.0011	4.6664	1545134924.1959
8.9049	21.0011	4.6664	1545134924.2542
8.9048	21.0011	4.6663	1545134924.3134
8.9049	21.0015	4.666	1545134924.3736
8.9049	21.0013	4.6662	1545134924.434
8.9048	21.0014	4.6663	1545134924.4931
8.9048	21.0014	4.6663	1545134924.5537
8.9047	21.0014	4.6663	1545134924.6127
8.9047	21.0013	4.6663	1545134924.676
8.9047	21.0013	4.6665	1545134924.7337
8.9048	21.0013	4.6664	1545134924.7933
8.9047	21.0012	4.6664	1545134924.8535
8.9047	21.0012	4.6663	1545134924.9159
8.9047	21.0012	4.6664	1545134924.9729
8.9052	21.0017	4.6668	1545134925.0335
8.9059	21.0016	4.6665	1545134925.0943
8.9058	21.0015	4.6664	1545134925.154
8.9057	21.0015	4.6663	1545134925.2135
8.9057	21.0014	4.6663	1545134925.2733
8.9063	21.002	4.6669	1545134925.3347
8.9071	21.0018	4.6665	1545134925.3959
8.9069	21.0017	4.6664	1545134925.4531
8.9049	20.9981	4.6684	1545134925.5136
8.9036	20.9987	4.667	1545134925.5732
8.9041	20.9992	4.6674	1545134925.6367
8.905	20.9989	4.667	1545134925.6931
8.9048	20.9988	4.6668	1545134925.7539
8.9047	20.9988	4.6666	1545134925.8135
8.9047	20.9993	4.6664	1545134925.8758
8.9047	20.9993	4.6665	1545134925.9328
8.9046	20.9994	4.6666	1545134925.9942
8.9046	20.9994	4.6666	1545134926.054
8.9046	20.9994	4.6665	1545134926.1135
8.9046	20.9997	4.6663	1545134926.1729
8.9045	20.9997	4.6665	1545134926.2337
8.9045	20.9998	4.6666	1545134926.2941
8.9045	20.9998	4.6666	1545134926.3567
8.9044	20.9997	4.6665	1545134926.414
8.9044	21.0	4.6664	1545134926.4734
8.9044	21.0	4.6665	1545134926.5341
8.9044	21.0	4.6665	1545134926.5959
8.9044	21.0	4.6665	1545134926.6536
8.9043	21.0	4.6664	1545134926.7138
8.9043	21.0005	4.666	1545134926.7736
8.9043	21.0003	4.6662	1545134926.8338
8.9041	21.0006	4.6664	1545134926.8933
8.9042	21.0006	4.6664	1545134926.9527
8.9041	21.0006	4.6664	1545134927.0138
8.9041	21.0006	4.6665	1545134927.0734
8.9041	21.0005	4.6665	1545134927.1338
8.9041	21.0005	4.6665	1545134927.1936
8.9041	21.0005	4.6665	1545134927.2534
8.904	21.0005	4.6664	1545134927.3157
8.904	21.0006	4.6664	1545134927.3731
8.9048	21.0013	4.667	1545134927.4328
8.9055	21.001	4.6666	1545134927.494
8.9054	21.001	4.6665	1545134927.5562
8.9053	21.0009	4.6664	1545134927.6132
8.9053	21.001	4.6663	1545134927.6738
8.9053	21.001	4.6665	1545134927.7334
8.9052	21.0009	4.6663	1545134927.7937
8.9051	21.0009	4.6664	1545134927.8529
8.9051	21.0009	4.6664	1545134927.9137
8.9051	21.001	4.6664	1545134927.9736
8.9058	21.0017	4.667	1545134928.0359
8.9066	21.0014	4.6666	1545134928.0929
8.9064	21.0013	4.6664	1545134928.153
8.9063	21.0013	4.6663	1545134928.2127
8.9062	21.0013	4.6663	1545134928.2735
8.9063	21.0012	4.6664	1545134928.3333
8.9062	21.0012	4.6664	1545134928.3935
8.9062	21.0012	4.6664	1545134928.4535
8.9061	21.0011	4.6663	1545134928.5162
8.9061	21.0012	4.6663	1545134928.5738
8.906	21.0012	4.6664	1545134928.6333
8.9061	21.0012	4.6664	1545134928.694
8.906	21.0012	4.6664	1545134928.7535
8.906	21.0011	4.6663	1545134928.8135
8.906	21.0012	4.6663	1545134928.8734
8.9059	21.0012	4.6664	1545134928.9337
8.906	21.0012	4.6664	1545134928.9958
8.9059	21.0012	4.6664	1545134929.0538
8.9058	21.0011	4.6663	1545134929.1136
8.9058	21.0011	4.6663	1545134929.1733
8.9065	21.0018	4.6669	1545134929.2359
8.9072	21.0015	4.6666	1545134929.2931
8.907	21.0015	4.6664	1545134929.3535
8.9069	21.0014	4.6662	1545134929.4137
8.907	21.0019	4.6659	1545134929.4734
8.9069	21.0018	4.6662	1545134929.5336
8.9069	21.0019	4.6663	1545134929.5937
8.9068	21.0019	4.6663	1545134929.6536
8.9068	21.0018	4.6662	1545134929.7157
8.9067	21.0017	4.6662	1545134929.7729
8.9067	21.0018	4.6664	1545134929.8335
8.9068	21.0017	4.6663	1545134929.8935
8.9067	21.0017	4.6663	1545134929.9557
8.9066	21.0017	4.6662	1545134930.013
8.9066	21.0016	4.6662	1545134930.0739
8.9066	21.0016	4.6664	1545134930.1333
8.9065	21.0014	4.6662	1545134930.1934
8.9063	21.0015	4.6663	1545134930.2529
8.9063	21.0015	4.6663	1545134930.3133
8.9063	21.0015	4.6663	1545134930.3735
8.907	21.0021	4.6669	1545134930.4358
8.9077	21.0018	4.6665	1545134930.4935
8.9075	21.0018	4.6663	1545134930.5531
8.9074	21.0017	4.6662	1545134930.6129
8.9074	21.0017	4.6662	1545134930.6762
8.9074	21.0018	4.6664	1545134930.7335
8.9074	21.0017	4.6663	1545134930.7935
8.9073	21.0017	4.6663	1545134930.8532
8.9072	21.0017	4.6662	1545134930.9135
8.9072	21.0016	4.6662	1545134930.9732
8.9072	21.0016	4.6664	1545134931.0334
8.9072	21.0016	4.6664	1545134931.0933
8.9071	21.0016	4.6663	1545134931.157
8.9071	21.0015	4.6662	1545134931.2137
8.9071	21.0015	4.6662	1545134931.2743
8.907	21.0016	4.6664	1545134931.3334
8.9071	21.0015	4.6664	1545134931.396
8.907	21.0015	4.6663	1545134931.4535
8.9069	21.0015	4.6662	1545134931.5137
8.9069	21.0014	4.6662	1545134931.5738
8.9075	21.002	4.6668	1545134931.6357
8.9082	21.0018	4.6665	1545134931.6935
8.908	21.0018	4.6663	1545134931.7538
8.9079	21.0017	4.6662	1545134931.8131
8.9077	21.0017	4.6663	1545134931.8737
8.9078	21.0017	4.6664	1545134931.9332
8.9077	21.0016	4.6663	1545134931.9934
8.9076	21.0016	4.6663	1545134932.0533
8.9075	21.0016	4.6662	1545134932.1158
8.9074	21.002	4.6659	1545134932.1735
8.9081	21.0026	4.6665	1545134932.2335
8.9084	21.0025	4.6663	1545134932.2936
8.9083	21.0025	4.6662	1545134932.3534
8.9082	21.0025	4.666	1545134932.413
8.9083	21.0028	4.6658	1545134932.4731
8.9082	21.0028	4.6662	1545134932.5333
8.9082	21.0028	4.6662	1545134932.5958
8.9081	21.0027	4.6661	1545134932.6529
8.908	21.0027	4.666	1545134932.7133
8.908	21.0024	4.6662	1545134932.7735
8.9079	21.0025	4.6666	1545134932.8329
8.9082	21.0022	4.6664	1545134932.8938
8.908	21.0021	4.6663	1545134932.9529
8.9079	21.002	4.6661	1545134933.013
8.9079	21.0024	4.6658	1545134933.0768
8.9078	21.0024	4.6662	1545134933.1331
8.9078	21.0024	4.6662	1545134933.1938
8.9077	21.0024	4.6662	1545134933.2541
8.9076	21.0024	4.6661	1545134933.3136
8.9076	21.0021	4.6662	1545134933.3734
8.9081	21.0026	4.6666	1545134933.4338
8.9086	21.0025	4.6664	1545134933.4936
8.9084	21.0024	4.6662	1545134933.553
8.9083	21.0024	4.6661	1545134933.6137
8.9083	21.0022	4.6662	1545134933.6736
8.9083	21.0022	4.6663	1545134933.7337
8.9083	21.0022	4.6663	1545134933.7934
8.9082	21.0021	4.6662	1545134933.8531
8.9081	21.0021	4.6661	1545134933.9136
8.9079	21.0015	4.6666	1545134933.9741
8.9078	21.0019	4.666	1545134934.0336
8.9076	21.0021	4.6662	1545134934.0936
8.9076	21.0021	4.6662	1545134934.1534
8.9075	21.0021	4.6661	1545134934.214
8.9049	20.9977	4.6683	1545134934.2761
8.9044	20.9973	4.6672	1545134934.3335
8.9047	20.9971	4.667	1545134934.3935
8.9045	20.997	4.6669	1545134934.4536
8.9044	20.997	4.6668	1545134934.5159
8.9044	20.9979	4.6661	1545134934.5735
8.9052	20.9985	4.667	1545134934.634
8.9056	20.9984	4.6669	1545134934.6937
8.9055	20.9984	4.6667	1545134934.7568
8.9054	20.9983	4.6666	1545134934.8131
8.9054	20.9989	4.6663	1545134934.874
8.9054	20.999	4.6665	1545134934.9336
8.9052	20.9991	4.6666	1545134934.9957
8.9052	20.9991	4.6666	1545134935.0531
8.9051	20.9991	4.6665	1545134935.1134
8.9052	20.9995	4.6663	1545134935.1728
8.905	20.9995	4.6667	1545134935.2334
8.9052	20.9994	4.6667	1545134935.2932
8.9051	20.9994	4.6666	1545134935.3537
8.905	20.9993	4.6665	1545134935.4131
8.905	21.0	4.666	1545134935.4759
8.905	20.9999	4.6664	1545134935.5331
8.9048	21.0	4.6665	1545134935.5934
8.9048	21.0001	4.6665	1545134935.6533
8.9048	21.0	4.6664	1545134935.7132
8.9048	21.0002	4.6663	1545134935.7732
8.9054	21.0009	4.667	1545134935.8334
8.9061	21.0007	4.6667	1545134935.8938
8.906	21.0006	4.6665	1545134935.9538
8.9059	21.0006	4.6664	1545134936.0138
8.9059	21.0007	4.6663	1545134936.0738
8.9065	21.0014	4.6669	1545134936.1336
8.9072	21.0012	4.6666	1545134936.1963
8.9071	21.0011	4.6664	1545134936.2533
8.907	21.0011	4.6663	1545134936.3137
8.907	21.0012	4.6662	1545134936.3733
8.9075	21.0017	4.6668	1545134936.4359
8.9081	21.0016	4.6665	1545134936.4936
8.9079	21.0015	4.6663	1545134936.5538
8.9078	21.0014	4.6662	1545134936.613
8.9056	20.9975	4.6682	1545134936.6736
8.905	20.9971	4.6679	1545134936.7334
8.9061	20.9967	4.6673	1545134936.7935
8.9058	20.9966	4.667	1545134936.8534
8.9057	20.9965	4.6669	1545134936.9162
8.9056	20.9975	4.6663	1545134936.9736
8.9056	20.9975	4.6665	1545134937.0335
8.9052	20.9977	4.6667	1545134937.0935
8.9053	20.9978	4.6667	1545134937.156
8.9052	20.9977	4.6666	1545134937.2134
8.9052	20.9985	4.666	1545134937.2735
8.9058	20.9991	4.6668	1545134937.3337
8.906	20.9991	4.6667	1545134937.3933
8.9059	20.999	4.6666	1545134937.4531
8.9059	20.999	4.6665	1545134937.5138
8.9059	20.9995	4.6663	1545134937.5737
8.9058	20.9995	4.6667	1545134937.633
8.9059	20.9994	4.6666	1545134937.6932
8.9058	20.9994	4.6666	1545134937.754
8.9057	20.9994	4.6665	1545134937.8137
8.9058	21.0	4.666	1545134937.8731
8.9065	21.0006	4.6668	1545134937.9329
8.9069	21.0005	4.6666	1545134937.9935
8.9068	21.0004	4.6665	1545134938.0533
8.9067	21.0004	4.6663	1545134938.1175
8.9067	21.0006	4.6662	1545134938.1731
8.9067	21.0006	4.6664	1545134938.2332
8.9066	21.0007	4.6664	1545134938.2932
8.9066	21.0007	4.6664	1545134938.3558
8.9065	21.0006	4.6663	1545134938.4135
8.9065	21.0008	4.6662	1545134938.473
8.907	21.0014	4.6668	1545134938.5339
8.9074	21.0012	4.6665	1545134938.5957
8.9073	21.0012	4.6664	1545134938.6534
8.9072	21.0011	4.6662	1545134938.7136
8.9072	21.0012	4.6662	1545134938.7735
8.9071	21.0012	4.6667	1545134938.8336
8.9073	21.001	4.6665	1545134938.8938
8.9072	21.0009	4.6664	1545134938.9534
8.9056	20.9975	4.6683	1545134939.0141
8.9041	20.9975	4.6667	1545134939.0765
8.9041	20.9974	4.6667	1545134939.1338
8.904	20.9976	4.6668	1545134939.1938
8.904	20.9976	4.6668	1545134939.2537
8.904	20.9976	4.6667	1545134939.3137
8.9039	20.9982	4.6664	1545134939.3739
8.9039	20.9982	4.6665	1545134939.434
8.9037	20.9984	4.6667	1545134939.4938
8.9038	20.9984	4.6667	1545134939.553
8.9037	20.9984	4.6667	1545134939.6129
8.9038	20.9991	4.6661	1545134939.6732
8.9046	20.9997	4.667	1545134939.7346
8.9051	20.9996	4.6668	1545134939.7931
8.905	20.9995	4.6666	1545134939.8533
8.9049	20.9995	4.6665	1545134939.9132
8.9049	20.9999	4.6663	1545134939.9735
8.9048	20.9999	4.6668	1545134940.0359
8.905	20.9998	4.6667	1545134940.0929
8.9049	20.9997	4.6666	1545134940.1535
8.9048	20.9997	4.6665	1545134940.2129
8.9028	20.9962	4.6683	1545134940.273
8.9023	20.9957	4.668	1545134940.3329
8.9033	20.9954	4.6674	1545134940.3937
8.9031	20.9953	4.6672	1545134940.4534
8.903	20.9953	4.6671	1545134940.5161
8.9029	20.9964	4.6664	1545134940.5729
8.9028	20.9965	4.6666	1545134940.6334
8.9025	20.9967	4.6668	1545134940.6937
8.9026	20.9967	4.6669	1545134940.7558
8.9026	20.9967	4.6669	1545134940.8134
8.9025	20.9975	4.6664	1545134940.8735
8.9031	20.9982	4.6671	1545134940.933
8.9035	20.9981	4.6669	1545134940.9957
8.9034	20.998	4.6668	1545134941.0531
8.9033	20.998	4.6667	1545134941.1137
8.9033	20.9986	4.6664	1545134941.1736
8.9032	20.9986	4.6668	1545134941.2336
8.9033	20.9985	4.6668	1545134941.2935
8.9033	20.9985	4.6668	1545134941.354
8.9032	20.9985	4.6667	1545134941.4131
8.9016	20.9954	4.6684	1545134941.4728
8.9011	20.995	4.6681	1545134941.5342
8.9021	20.9947	4.6675	1545134941.5941
8.9019	20.9946	4.6673	1545134941.6537
8.9018	20.9946	4.6672	1545134941.7135
8.9016	20.9958	4.6665	1545134941.7735
8.9023	20.9966	4.6674	1545134941.8339
8.9028	20.9964	4.6671	1545134941.8933
8.9027	20.9964	4.6671	1545134941.9566
8.9026	20.9964	4.6669	1545134942.0135
8.9025	20.9973	4.6662	1545134942.0736
8.9025	20.9972	4.6665	1545134942.133
8.9022	20.9975	4.6667	1545134942.1968
8.9023	20.9975	4.6668	1545134942.2537
8.9022	20.9975	4.6668	1545134942.3141
8.9022	20.9981	4.6664	1545134942.3733
8.9028	20.9989	4.6672	1545134942.4359
8.9035	20.9987	4.6669	1545134942.4932
8.9034	20.9986	4.6668	1545134942.5533
8.9033	20.9986	4.6667	1545134942.6137
8.9018	20.9954	4.6684	1545134942.6735
8.9013	20.9951	4.6674	1545134942.7331
8.9015	20.9949	4.6673	1545134942.7937
8.9015	20.9949	4.6672	1545134942.8536
8.9009	20.9929	4.6684	1545134942.9163
8.8994	20.9936	4.667	1545134942.9732
8.8994	20.9936	4.6669	1545134943.0338
8.899	20.9939	4.6672	1545134943.0935
8.8992	20.994	4.6673	1545134943.1537
8.8992	20.994	4.6673	1545134943.2129
8.8991	20.9951	4.6666	1545134943.273
8.8991	20.9952	4.6668	1545134943.3336
8.8987	20.9954	4.667	1545134943.396
8.8989	20.9955	4.6672	1545134943.4532
8.8989	20.9955	4.6671	1545134943.5139
8.8989	20.9964	4.6666	1545134943.5735
8.8996	20.9972	4.6675	1545134943.6362
8.9003	20.997	4.6671	1545134943.6929
8.9002	20.9969	4.6671	1545134943.7537
8.9002	20.9969	4.667	1545134943.8131
8.9002	20.9976	4.6666	1545134943.8758
8.9002	20.9977	4.6667	1545134943.933
8.9	20.9978	4.6668	1545134943.9935
8.9002	20.9978	4.6669	1545134944.0536
8.9002	20.9978	4.6669	1545134944.1164
8.9002	20.9983	4.6666	1545134944.1739
8.9001	20.9984	4.6667	1545134944.2336
8.9001	20.9984	4.6668	1545134944.2932
8.9002	20.9984	4.6668	1545134944.353
8.9002	20.9984	4.6668	1545134944.4137
8.9002	20.9991	4.6663	1545134944.4731
8.901	20.9997	4.6671	1545134944.5336
8.901	20.9996	4.6668	1545134944.5936
8.9012	20.9995	4.6667	1545134944.6533
8.9013	20.9995	4.6667	1545134944.7143
8.9011	21.0002	4.6662	1545134944.7736
8.902	21.0008	4.6671	1545134944.8358
8.9027	21.0006	4.6667	1545134944.8935
8.9026	21.0006	4.6666	1545134944.9534
8.9026	21.0005	4.6665	1545134945.013
8.9006	20.9964	4.6684	1545134945.0731
8.9002	20.9961	4.6682	1545134945.1329
8.9014	20.9956	4.6675	1545134945.1934
8.9012	20.9955	4.6673	1545134945.2533
8.9006	20.9934	4.6684	1545134945.3158
8.8991	20.9941	4.667	1545134945.3734
8.8991	20.9941	4.6669	1545134945.4334
8.8988	20.9943	4.6671	1545134945.4934
8.899	20.9944	4.6673	1545134945.5557
8.899	20.9944	4.6672	1545134945.6132
8.8989	20.9955	4.6666	1545134945.6739
8.8995	20.9963	4.6674	1545134945.7336
8.8999	20.9962	4.6672	1545134945.7959
8.8999	20.9962	4.6672	1545134945.853
8.8999	20.9961	4.6671	1545134945.9134
8.8998	20.997	4.6666	1545134945.9738
8.8997	20.997	4.667	1545134946.0335
8.8998	20.997	4.667	1545134946.0934
8.8998	20.997	4.667	1545134946.1541
8.8998	20.997	4.667	1545134946.2137
8.8984	20.9942	4.6685	1545134946.2745
8.898	20.9939	4.6675	1545134946.3332
8.8981	20.9938	4.6674	1545134946.3935
8.8982	20.9938	4.6674	1545134946.4537
8.8981	20.9938	4.6674	1545134946.5163
8.898	20.995	4.6667	1545134946.5736
8.8986	20.9958	4.6675	1545134946.6336
8.8992	20.9957	4.6672	1545134946.6934
8.8991	20.9957	4.6672	1545134946.7537
8.8991	20.9957	4.6672	1545134946.8137
8.8991	20.9966	4.6664	1545134946.8731
8.899	20.9966	4.6667	1545134946.9336
8.8988	20.9968	4.6669	1545134946.9959
8.8989	20.9969	4.667	1545134947.0531
8.8989	20.9968	4.667	1545134947.1135
8.8989	20.9975	4.6666	1545134947.1732
8.8996	20.9983	4.6674	1545134947.2357
8.9003	20.9981	4.667	1545134947.293
8.9003	20.998	4.667	1545134947.3535
8.9002	20.998	4.6668	1545134947.4133
8.9002	20.9985	4.6666	1545134947.4757
8.9002	20.9985	4.6667	1545134947.533
8.9001	20.9986	4.6667	1545134947.5935
8.9002	20.9986	4.6668	1545134947.6536
8.899	20.9956	4.6685	1545134947.716
8.8977	20.9962	4.6672	1545134947.7731
8.8984	20.997	4.6678	1545134947.8332
8.8993	20.9966	4.6673	1545134947.8932
8.8992	20.9966	4.6672	1545134947.9566
8.8991	20.9966	4.6671	1545134948.0131
8.8991	20.9974	4.6664	1545134948.0732
8.8999	20.998	4.6673	1545134948.134
8.9005	20.9978	4.667	1545134948.196
8.9005	20.9978	4.667	1545134948.2535
8.9004	20.9978	4.6669	1545134948.3133
8.9004	20.9984	4.6666	1545134948.3736
8.9003	20.9984	4.667	1545134948.4335
8.9005	20.9983	4.6669	1545134948.4938
8.9005	20.9983	4.6669	1545134948.5534
8.9005	20.9983	4.6668	1545134948.6137
8.9005	20.999	4.6663	1545134948.6765
8.9012	20.9996	4.6671	1545134948.7331
8.9017	20.9995	4.6668	1545134948.7932
8.9017	20.9995	4.6667	1545134948.8538
8.9004	20.996	4.6685	1545134948.9133
8.8991	20.9967	4.6672	1545134948.9735
8.8997	20.9975	4.6677	1545134949.0334
8.9006	20.9971	4.6672	1545134949.0939
8.9005	20.997	4.6671	1545134949.1565
8.8997	20.9946	4.6685	1545134949.2135
8.8984	20.9953	4.6671	1545134949.2733
8.8984	20.9953	4.6671	1545134949.3333
8.8988	20.9955	4.6677	1545134949.3936
8.8994	20.9954	4.6673	1545134949.4531
8.8994	20.9953	4.6673	1545134949.513
8.8991	20.9964	4.6666	1545134949.5737
8.8992	20.9966	4.6669	1545134949.6358
8.8991	20.9966	4.6669	1545134949.6935
8.8992	20.9967	4.667	1545134949.7535
8.8992	20.9967	4.667	1545134949.8132
8.898	20.994	4.6685	1545134949.8731
8.8977	20.9938	4.6683	1545134949.933
8.8987	20.9935	4.6677	1545134949.9939
8.8986	20.9934	4.6676	1545134950.0535
8.8985	20.9934	4.6675	1545134950.114
8.8983	20.9947	4.6667	1545134950.1733
8.8989	20.9955	4.6676	1545134950.2333
8.8994	20.9953	4.6673	1545134950.2933
8.8994	20.9953	4.6673	1545134950.3557
8.8994	20.9953	4.6672	1545134950.413
8.8993	20.9963	4.6666	1545134950.473
8.8998	20.997	4.6673	1545134950.5331
8.9003	20.9969	4.6671	1545134950.5957
8.9002	20.9969	4.6671	1545134950.6534
8.9002	20.9968	4.667	1545134950.7132
8.9001	20.9976	4.6666	1545134950.7735
8.9006	20.9982	4.6672	1545134950.8361
8.9011	20.9981	4.667	1545134950.8931
8.9011	20.9981	4.6669	1545134950.9538
8.901	20.998	4.6668	1545134951.0141
8.901	20.9978	4.6671	1545134951.0759
8.9015	20.9981	4.6676	1545134951.1335
8.9023	20.9977	4.6671	1545134951.1933
8.9022	20.9977	4.667	1545134951.2533
8.9021	20.9977	4.6669	1545134951.3161
8.9021	20.9986	4.6662	1545134951.3734
8.9028	20.9993	4.6671	1545134951.4329
8.9033	20.999	4.6668	1545134951.4932
8.9032	20.999	4.6668	1545134951.5558
8.9032	20.999	4.6667	1545134951.6131
8.9032	20.9995	4.6664	1545134951.6732
8.9032	20.9995	4.6666	1545134951.7335
8.9031	20.9995	4.6666	1545134951.7957
8.9032	20.9996	4.6666	1545134951.8532
8.902	20.9962	4.6684	1545134951.9136
8.9007	20.9969	4.6671	1545134951.9745
8.9007	20.9967	4.667	1545134952.0336
8.9007	20.9967	4.667	1545134952.0936
8.9007	20.9967	4.667	1545134952.154
8.9007	20.9967	4.667	1545134952.2138
8.8996	20.9941	4.6684	1545134952.2743
8.8993	20.9939	4.6682	1545134952.3331
8.9002	20.9936	4.6677	1545134952.3935
8.9	20.9935	4.6675	1545134952.454
8.9	20.9935	4.6674	1545134952.5137
8.8997	20.9948	4.6666	1545134952.5736
8.9003	20.9956	4.6675	1545134952.6335
8.9007	20.9955	4.6673	1545134952.6932
8.9007	20.9955	4.6672	1545134952.7561
8.9006	20.9954	4.6671	1545134952.8133
8.9005	20.9964	4.6665	1545134952.8738
8.9011	20.9972	4.6673	1545134952.9336
8.9015	20.9971	4.6671	1545134952.9936
8.9015	20.997	4.667	1545134953.0533
8.9007	20.9946	4.6684	1545134953.1136
8.8994	20.9952	4.6671	1545134953.1741
8.8994	20.9953	4.6671	1545134953.2364
8.8994	20.9953	4.6671	1545134953.2935
8.8995	20.9954	4.6672	1545134953.3535
8.8994	20.9953	4.6672	1545134953.4135
8.8985	20.9931	4.6684	1545134953.4737
8.8985	20.9931	4.6684	1545134953.5336
8.8995	20.9927	4.6678	1545134953.5939
8.8994	20.9926	4.6677	1545134953.6545
8.8993	20.9926	4.6675	1545134953.7135
8.899	20.9941	4.6666	1545134953.7737
8.8996	20.9949	4.6676	1545134953.8335
8.9	20.9947	4.6673	1545134953.8932
8.9	20.9947	4.6673	1545134953.9557
8.8999	20.9947	4.6672	1545134954.0131
8.8998	20.9958	4.6666	1545134954.0736
8.9003	20.9966	4.6674	1545134954.1343
8.9004	20.9964	4.6672	1545134954.1935
8.9007	20.9964	4.6671	1545134954.2534
8.9006	20.9964	4.667	1545134954.3141
8.9004	20.9972	4.6666	1545134954.3736
8.901	20.9979	4.6672	1545134954.4362
8.9014	20.9977	4.667	1545134954.4931
8.9014	20.9977	4.6669	1545134954.5536
8.9014	20.9977	4.6669	1545134954.6132
8.9013	20.9985	4.6663	1545134954.6759
8.9013	20.9988	4.6666	1545134954.7336
8.9012	20.9988	4.6667	1545134954.7934
8.9013	20.9988	4.6667	1545134954.8536
8.9013	20.9989	4.6668	1545134954.9158
8.9013	20.9993	4.6665	1545134954.9739
8.9018	20.9999	4.6672	1545134955.0335
8.9025	20.9997	4.6668	1545134955.0935
8.9025	20.9996	4.6667	1545134955.1575
8.9024	20.9996	4.6666	1545134955.2131
8.9024	21.0002	4.6662	1545134955.2747
8.9023	21.0002	4.6665	1545134955.3332
8.9023	21.0002	4.6665	1545134955.3959
8.9024	21.0003	4.6666	1545134955.4534
8.9023	21.0002	4.6665	1545134955.5133
8.9023	21.0008	4.6661	1545134955.5736
8.9024	21.001	4.6664	1545134955.636
8.9023	21.001	4.6664	1545134955.693
8.9023	21.001	4.6664	1545134955.7533
8.9023	21.0011	4.6665	1545134955.8137
8.9023	21.0015	4.6661	1545134955.8765
8.9023	21.0015	4.6665	1545134955.933
8.9023	21.0014	4.6664	1545134955.9937
8.9024	21.0014	4.6664	1545134956.0534
8.9023	21.0014	4.6664	1545134956.1139
8.9023	21.0013	4.6665	1545134956.1731
8.9029	21.002	4.6672	1545134956.2336
8.9039	21.0016	4.6666	1545134956.2937
8.9037	21.0016	4.6665	1545134956.3562
8.9037	21.0015	4.6664	1545134956.4131
8.9037	21.0014	4.6664	1545134956.4736
8.9036	21.0014	4.6665	1545134956.5332
8.9038	21.0013	4.6664	1545134956.5961
8.9038	21.0013	4.6664	1545134956.654
8.9037	21.0013	4.6663	1545134956.7137
8.9037	21.0012	4.6664	1545134956.7744
8.9042	21.0018	4.667	1545134956.836
8.905	21.0016	4.6666	1545134956.893
8.9049	21.0015	4.6664	1545134956.9534
8.9048	21.0015	4.6664	1545134957.0134
8.9047	21.001	4.6668	1545134957.0768
8.9049	21.0011	4.667	1545134957.1333
8.9056	21.0009	4.6666	1545134957.1934
8.9055	21.0009	4.6665	1545134957.2535
8.9054	21.0009	4.6664	1545134957.3157
8.9055	21.001	4.6663	1545134957.3736
8.9059	21.0016	4.6669	1545134957.4337
8.9066	21.0014	4.6666	1545134957.4935
8.9065	21.0013	4.6664	1545134957.5534
8.9064	21.0013	4.6663	1545134957.613
8.9064	21.0013	4.6663	1545134957.6734
8.9064	21.0013	4.6664	1545134957.7335
8.9063	21.0013	4.6664	1545134957.7936
8.9063	21.0013	4.6664	1545134957.8532
8.9062	21.0013	4.6663	1545134957.9133
8.9062	21.0013	4.6663	1545134957.9739
8.9067	21.0019	4.6668	1545134958.0364
8.9072	21.0017	4.6665	1545134958.0935
8.9071	21.0016	4.6663	1545134958.1535
8.907	21.0016	4.6662	1545134958.2132
8.9049	20.9976	4.6683	1545134958.2734
8.9043	20.9971	4.6678	1545134958.333
8.9052	20.9967	4.6673	1545134958.3935
8.905	20.9966	4.667	1545134958.4544
8.9049	20.9966	4.6669	1545134958.5133
8.9048	20.9975	4.6663	1545134958.5731
8.9054	20.9982	4.6672	1545134958.6339
8.9058	20.9981	4.6669	1545134958.6932
8.9057	20.998	4.6668	1545134958.7566
8.9056	20.998	4.6667	1545134958.8135
8.9056	20.9984	4.6659	1545134958.8734
8.9055	20.9962	4.6642	1545134958.9334
8.9053	20.9922	4.6622	1545134958.9935
8.905	20.9873	4.661	1545134959.0538
8.9048	20.9798	4.6611	1545134959.113
8.9043	20.9708	4.6595	1545134959.1738
8.904	20.9607	4.6613	1545134959.236
8.9038	20.9484	4.6613	1545134959.2939
8.9031	20.9354	4.6615	1545134959.3537
8.9025	20.9224	4.6619	1545134959.4132
8.9018	20.9088	4.6622	1545134959.476
8.9013	20.896	4.6645	1545134959.5332
8.9012	20.8826	4.6644	1545134959.5935
8.9006	20.8691	4.6652	1545134959.6533
8.8999	20.8551	4.6663	1545134959.7127
8.8993	20.8425	4.6659	1545134959.7737
8.8989	20.8294	4.6668	1545134959.8344
8.8987	20.8159	4.6656	1545134959.8929
8.8981	20.8019	4.6655	1545134959.9536
8.8975	20.7879	4.6661	1545134960.0136
8.8969	20.7746	4.6669	1545134960.0737
8.8962	20.7609	4.6685	1545134960.1332
8.8957	20.7467	4.6691	1545134960.1958
8.8951	20.7337	4.6692	1545134960.253
8.8945	20.7202	4.6703	1545134960.3139
8.8939	20.7061	4.6708	1545134960.3739
8.8933	20.6921	4.6702	1545134960.4359
8.8928	20.6791	4.6699	1545134960.4937
8.8923	20.6652	4.6703	1545134960.5537
8.8917	20.6512	4.6712	1545134960.6129
8.8901	20.6321	4.6747	1545134960.6736
8.8891	20.6167	4.6728	1545134960.733
8.8884	20.6031	4.6728	1545134960.7936
8.8877	20.5891	4.6721	1545134960.8534
8.8872	20.5751	4.672	1545134960.9158
8.8866	20.5615	4.6728	1545134960.9736
8.8861	20.5485	4.6739	1545134961.0336
8.8855	20.5348	4.6756	1545134961.0939
8.885	20.5203	4.6764	1545134961.1574
8.884	20.5039	4.6793	1545134961.2134
8.8836	20.4911	4.6798	1545134961.2735
8.8825	20.4751	4.6779	1545134961.3342
8.8815	20.4619	4.6793	1545134961.3958
8.8811	20.4484	4.6798	1545134961.4534
8.8806	20.4343	4.6788	1545134961.5134
8.8799	20.4191	4.6793	1545134961.574
8.8791	20.404	4.6777	1545134961.6361
8.878	20.3918	4.679	1545134961.6931
8.8775	20.3778	4.6794	1545134961.754
8.8771	20.3638	4.6808	1545134961.8148
8.8765	20.3494	4.6826	1545134961.8737
8.8757	20.3346	4.6815	1545134961.933
8.8747	20.3221	4.6827	1545134961.9935
8.8745	20.3082	4.6833	1545134962.0534
8.874	20.2941	4.6835	1545134962.1161
8.8737	20.2804	4.6824	1545134962.1734
8.8729	20.2655	4.6816	1545134962.2336
8.8719	20.2536	4.6832	1545134962.2933
8.8716	20.2397	4.6839	1545134962.3529
8.8713	20.2257	4.6848	1545134962.4135
8.8709	20.2118	4.6843	1545134962.474
8.8705	20.1971	4.6835	1545134962.5348
8.8701	20.1832	4.6828	1545134962.5958
8.8698	20.1696	4.6827	1545134962.6535
8.8693	20.1551	4.684	1545134962.7134
8.8673	20.141	4.6818	1545134962.7731
8.8671	20.13	4.686	1545134962.8364
8.8662	20.1163	4.6871	1545134962.8938
8.866	20.1034	4.6888	1545134962.9535
8.8657	20.0893	4.6891	1545134963.0132
8.8652	20.0767	4.6876	1545134963.0757
8.865	20.0632	4.6887	1545134963.1337
8.865	20.0494	4.688	1545134963.1937
8.8648	20.0355	4.688	1545134963.254
8.8644	20.0215	4.6879	1545134963.3159
8.864	20.0083	4.6872	1545134963.3731
8.8639	19.9949	4.689	1545134963.434
8.864	19.9816	4.689	1545134963.4933
8.8637	19.9672	4.6905	1545134963.5529
8.8636	19.9551	4.6899	1545134963.6128
8.8619	19.9406	4.6873	1545134963.6735
8.862	19.9309	4.691	1545134963.733
8.8619	19.9166	4.6907	1545134963.7936
8.8618	19.9026	4.6907	1545134963.8533
8.8616	19.8896	4.6911	1545134963.9134
8.8609	19.8787	4.6891	1545134963.9734
8.8605	19.8653	4.6908	1545134964.0337
8.8602	19.8512	4.6907	1545134964.0932
8.8599	19.8372	4.6903	1545134964.1529
8.8599	19.8231	4.69	1545134964.2134
8.8566	19.8034	4.692	1545134964.2735
8.8551	19.7885	4.69	1545134964.3333
8.8554	19.774	4.6889	1545134964.3935
8.8543	19.7596	4.6865	1545134964.4533
8.8558	19.7449	4.6916	1545134964.5129
8.8552	19.7355	4.6897	1545134964.5734
8.8549	19.7239	4.6938	1545134964.6338
8.8551	19.7095	4.6941	1545134964.6938
8.8555	19.6964	4.6956	1545134964.7528
8.8533	19.6774	4.6989	1545134964.8135
8.8486	19.6636	4.6924	1545134964.8737
8.8485	19.6531	4.6942	1545134964.934
8.8488	19.6386	4.6925	1545134964.9959
8.8495	19.6244	4.6943	1545134965.0539
8.8494	19.6104	4.6964	1545134965.1136
8.8492	19.598	4.6961	1545134965.1738
8.8491	19.5845	4.6984	1545134965.2359
8.8501	19.57	4.6976	1545134965.2932
8.8506	19.5565	4.6984	1545134965.3538
8.8492	19.5375	4.701	1545134965.4132
8.8469	19.5205	4.6967	1545134965.4763
8.8469	19.5084	4.6985	1545134965.5337
8.8472	19.494	4.6972	1545134965.5935
8.8479	19.48	4.6988	1545134965.6533
8.8473	19.464	4.7002	1545134965.7161
8.843	19.4512	4.6934	1545134965.7735
8.8426	19.4419	4.6972	1545134965.8331
8.8422	19.4284	4.6969	1545134965.8939
8.8419	19.4144	4.6958	1545134965.953
8.8417	19.4008	4.6953	1545134966.0131
8.8404	19.3875	4.6921	1545134966.0736
8.8399	19.3785	4.6975	1545134966.1334
8.8397	19.365	4.6987	1545134966.1937
8.8397	19.3516	4.7021	1545134966.2531
8.8399	19.3377	4.7018	1545134966.3135
8.8387	19.3292	4.6999	1545134966.3735
8.8387	19.3171	4.7029	1545134966.4363
8.8388	19.3027	4.7019	1545134966.4939
8.8387	19.2898	4.703	1545134966.5529
8.8385	19.2763	4.7018	1545134966.6131
8.8382	19.2616	4.6991	1545134966.6766
8.8384	19.252	4.7021	1545134966.7336
8.8387	19.2375	4.7013	1545134966.7934
8.8386	19.2235	4.7026	1545134966.8535
8.8385	19.21	4.7038	1545134966.9131
8.8381	19.1988	4.7031	1545134966.9731
8.8383	19.1866	4.7047	1545134967.0338
8.8389	19.1719	4.7028	1545134967.0932
8.8388	19.1579	4.7033	1545134967.1568
8.8387	19.1449	4.7032	1545134967.2136
8.8387	19.1301	4.7042	1545134967.2746
8.8387	19.1163	4.7049	1545134967.3337
8.8392	19.1015	4.7037	1545134967.3936
8.8391	19.088	4.7039	1545134967.453
8.839	19.074	4.703	1545134967.5137
8.8387	19.0627	4.7002	1545134967.5734
8.839	19.0503	4.7006	1545134967.6359
8.8395	19.0367	4.6984	1545134967.6933
8.8393	19.0227	4.6981	1545134967.7538
8.8391	19.0087	4.6979	1545134967.8137
8.8389	18.995	4.6983	1545134967.8758
8.8388	18.9828	4.6999	1545134967.9332
8.839	18.968	4.6995	1545134967.9933
8.8388	18.954	4.7002	1545134968.0536
8.8386	18.9401	4.7002	1545134968.1161
8.8384	18.9285	4.6991	1545134968.1736
8.8382	18.9143	4.6992	1545134968.2336
8.8386	18.9007	4.6979	1545134968.2934
8.8386	18.8869	4.6982	1545134968.3559
8.8388	18.869	4.7007	1545134968.413
8.8384	18.8558	4.6986	1545134968.4736
8.8384	18.8428	4.7006	1545134968.5334
8.8391	18.828	4.7002	1545134968.5961
8.8392	18.8148	4.702	1545134968.6529
8.8351	18.7922	4.7073	1545134968.7138
8.8292	18.7786	4.7006	1545134968.7738
8.8297	18.7674	4.7034	1545134968.8363
8.8315	18.7538	4.7007	1545134968.8938
8.8315	18.7399	4.7014	1545134968.9534
8.8292	18.7186	4.7066	1545134969.0129
8.8262	18.7053	4.7036	1545134969.0758
8.8261	18.692	4.7046	1545134969.133
8.827	18.6769	4.7033	1545134969.1933
8.827	18.6631	4.7039	1545134969.254
8.8269	18.6496	4.7037	1545134969.3137
8.8266	18.6363	4.7026	1545134969.3729
8.8265	18.6223	4.7032	1545134969.4335
8.8269	18.6075	4.703	1545134969.4936
8.8271	18.5943	4.7048	1545134969.5528
8.827	18.5822	4.7054	1545134969.6131
8.8269	18.5682	4.7068	1545134969.6736
8.8268	18.5543	4.7076	1545134969.7333
8.8267	18.5406	4.7075	1545134969.7928
8.8274	18.527	4.7056	1545134969.8528
8.8255	18.5059	4.7087	1545134969.9138
8.8217	18.4904	4.705	1545134969.9732
8.8216	18.4766	4.705	1545134970.0337
8.8218	18.4627	4.7041	1545134970.0931
8.8221	18.4491	4.7058	1545134970.1535
8.821	18.4322	4.7087	1545134970.2136
8.8208	18.4155	4.7081	1545134970.2746
8.8206	18.4026	4.7085	1545134970.3332
8.8203	18.3892	4.7096	1545134970.3936
8.8207	18.3751	4.7077	1545134970.4539
8.8212	18.3615	4.7091	1545134970.5133
8.8203	18.3498	4.7073	1545134970.5735
8.8202	18.336	4.709	1545134970.6329
8.8207	18.3212	4.7082	1545134970.6932
8.8209	18.3076	4.7095	1545134970.7567
8.8202	18.2927	4.7107	1545134970.8137
8.819	18.2769	4.7092	1545134970.8737
8.8186	18.2643	4.7069	1545134970.9337
8.8179	18.2502	4.7064	1545134970.9958
8.8181	18.2371	4.707	1545134971.0537
8.8178	18.2222	4.7071	1545134971.1137
8.8164	18.2082	4.7057	1545134971.1732
8.8163	18.1943	4.7066	1545134971.2339
8.8165	18.1805	4.7066	1545134971.2931
8.8167	18.167	4.7093	1545134971.3543
8.8166	18.1533	4.7099	1545134971.4133
8.8166	18.1377	4.7095	1545134971.4739
8.8159	18.1245	4.7084	1545134971.5332
8.8152	18.1117	4.7096	1545134971.5938
8.8155	18.0982	4.7086	1545134971.6534
8.8153	18.0816	4.7091	1545134971.7158
8.8137	18.0681	4.7075	1545134971.773
8.8137	18.0544	4.709	1545134971.8334
8.8139	18.0401	4.7087	1545134971.8934
8.8141	18.0267	4.7116	1545134971.9538
8.8143	18.0141	4.711	1545134972.013
8.8127	17.9996	4.7098	1545134972.0738
8.8126	17.9871	4.7115	1545134972.1335
8.8137	17.9716	4.7097	1545134972.1958
8.8138	17.9589	4.7111	1545134972.2531
8.8138	17.9448	4.7116	1545134972.3135
8.8122	17.9308	4.7097	1545134972.3736
8.8119	17.9201	4.7133	1545134972.436
8.814	17.9056	4.7092	1545134972.4933
8.8139	17.8915	4.7086	1545134972.5531
8.8133	17.8803	4.7058	1545134972.6135
8.8139	17.8681	4.7083	1545134972.6766
8.8137	17.8549	4.7066	1545134972.7338
8.8138	17.8406	4.706	1545134972.7936
8.8157	17.8281	4.71	1545134972.8537
8.816	17.8146	4.7094	1545134972.9159
8.8143	17.801	4.7075	1545134972.9735
8.8143	17.7868	4.7074	1545134973.0334
8.8147	17.7721	4.7065	1545134973.0934
8.8163	17.7578	4.7104	1545134973.1567
8.8166	17.7459	4.7096	1545134973.2136
8.8147	17.7313	4.7067	1545134973.274
8.8146	17.7174	4.7064	1545134973.3338
8.8152	17.7025	4.7053	1545134973.3964
8.8169	17.6892	4.7088	1545134973.4533
8.817	17.676	4.7085	1545134973.5137
8.8155	17.6616	4.7064	1545134973.5735
8.8148	17.6511	4.7093	1545134973.6366
8.8147	17.6372	4.709	1545134973.6932
8.8141	17.6251	4.7063	1545134973.7539
8.8131	17.6089	4.7079	1545134973.8132
8.8124	17.5949	4.706	1545134973.8729
8.8122	17.5824	4.7074	1545134973.9338
8.812	17.5689	4.7085	1545134973.9938
8.8121	17.5551	4.707	1545134974.054
8.8125	17.5414	4.7084	1545134974.1137
8.8117	17.531	4.7058	1545134974.1735
8.8115	17.5188	4.7078	1545134974.2332
8.8122	17.5036	4.7058	1545134974.2936
8.8122	17.4888	4.707	1545134974.3566
8.8122	17.4766	4.7058	1545134974.4132
8.8121	17.4636	4.7054	1545134974.4734
8.8121	17.4501	4.7065	1545134974.5334
8.8133	17.4339	4.7038	1545134974.5958
8.8132	17.4209	4.7038	1545134974.6535
8.8132	17.4046	4.705	1545134974.7137
8.8124	17.3903	4.704	1545134974.7735
8.8122	17.3786	4.7062	1545134974.8359
8.8134	17.3633	4.704	1545134974.8939
8.8133	17.3498	4.7038	1545134974.9531
8.8132	17.3344	4.7047	1545134975.0132
8.8126	17.3192	4.7043	1545134975.076
8.8124	17.3087	4.7063	1545134975.1334
8.8138	17.2933	4.7037	1545134975.1935
8.8137	17.2794	4.7039	1545134975.2536
8.8136	17.2654	4.7039	1545134975.3135
8.8133	17.2521	4.7037	1545134975.3731
8.8134	17.2407	4.7069	1545134975.4335
8.8151	17.225	4.7048	1545134975.4936
8.815	17.2115	4.7038	1545134975.5531
8.8147	17.1961	4.7041	1545134975.6131
8.8143	17.1819	4.7033	1545134975.6742
8.8144	17.1711	4.7059	1545134975.7334
8.816	17.1551	4.7029	1545134975.7959
8.8158	17.1416	4.702	1545134975.8531
8.8156	17.1266	4.7026	1545134975.9135
8.8149	17.1123	4.7015	1545134975.9734
8.8147	17.1008	4.7045	1545134976.0372
8.8164	17.0867	4.7015	1545134976.093
8.8162	17.0727	4.7007	1545134976.1539
8.8161	17.0592	4.7003	1545134976.2134
8.816	17.0452	4.6995	1545134976.2742
8.817	17.0304	4.7013	1545134976.3337
8.8177	17.0165	4.7001	1545134976.3937
8.8175	17.0025	4.7004	1545134976.4536
8.8174	16.988	4.7009	1545134976.5161
8.8172	16.9745	4.701	1545134976.5731
8.8173	16.9626	4.7026	1545134976.6334
8.8182	16.9477	4.7004	1545134976.6937
8.818	16.9337	4.7	1545134976.7559
8.8177	16.9223	4.698	1545134976.8136
8.8179	16.9092	4.6982	1545134976.8735
8.818	16.8965	4.6989	1545134976.9337
8.8189	16.8812	4.6965	1545134976.9958
8.8198	16.8682	4.6991	1545134977.0537
8.8193	16.8535	4.7001	1545134977.114
8.8179	16.8392	4.6993	1545134977.1735
8.8176	16.8273	4.7007	1545134977.2364
8.819	16.8125	4.6972	1545134977.2937
8.8196	16.7988	4.6994	1545134977.353
8.8193	16.7895	4.6966	1545134977.4132
8.8193	16.7752	4.697	1545134977.4759
8.8191	16.7627	4.6972	1545134977.5332
8.8187	16.749	4.6979	1545134977.5938
8.8186	16.7351	4.6985	1545134977.6537
8.8185	16.7242	4.6966	1545134977.7164
8.8184	16.7104	4.6971	1545134977.7734
8.8182	16.6968	4.696	1545134977.8337
8.818	16.6828	4.6951	1545134977.894
8.8178	16.6683	4.6951	1545134977.9563
8.8165	16.6524	4.6965	1545134978.0137
8.8152	16.6384	4.6953	1545134978.0737
8.815	16.6256	4.696	1545134978.1337
8.8148	16.6105	4.696	1545134978.1959
8.8146	16.5975	4.697	1545134978.2534
8.8141	16.5826	4.6981	1545134978.3141
8.8131	16.5691	4.6972	1545134978.3737
8.8127	16.5558	4.6983	1545134978.4363
8.8129	16.5418	4.6976	1545134978.4937
8.8127	16.5278	4.6971	1545134978.554
8.8123	16.5133	4.6976	1545134978.6137
8.8115	16.4989	4.6962	1545134978.6758
8.8113	16.4859	4.6968	1545134978.7337
8.8126	16.4704	4.6947	1545134978.7937
8.8125	16.4567	4.6972	1545134978.8535
8.8123	16.4427	4.6981	1545134978.916
8.8121	16.4294	4.6973	1545134978.9734
8.8121	16.4165	4.6985	1545134979.0338
8.8128	16.4004	4.6972	1545134979.0928
8.8126	16.3863	4.6964	1545134979.153
8.8124	16.3725	4.6965	1545134979.2132
8.8125	16.359	4.6983	1545134979.2735
8.8124	16.3452	4.6994	1545134979.3334
8.8121	16.332	4.7006	1545134979.3936
8.813	16.3182	4.6977	1545134979.4537
8.8128	16.3041	4.6969	1545134979.5135
8.8129	16.2878	4.6969	1545134979.5733
8.8131	16.2763	4.698	1545134979.6361
8.8146	16.2618	4.695	1545134979.6938
8.8144	16.2477	4.6949	1545134979.7536
8.8142	16.2343	4.6957	1545134979.8131
8.8143	16.2184	4.6974	1545134979.8758
8.8145	16.207	4.6994	1545134979.9331
8.8161	16.1925	4.6972	1545134979.9935
8.8159	16.1784	4.6971	1545134980.0534
8.8158	16.1635	4.6968	1545134980.1176
8.8157	16.1498	4.6979	1545134980.1736
8.8155	16.1358	4.6971	1545134980.2337
8.8161	16.1205	4.6942	1545134980.2932
8.8158	16.1061	4.6936	1545134980.3565
8.816	16.093	4.695	1545134980.4135
8.8158	16.0792	4.6948	1545134980.4737
8.8155	16.0664	4.6966	1545134980.5336
8.8165	16.0519	4.6945	1545134980.5965
8.8162	16.0384	4.6935	1545134980.6532
8.8164	16.0248	4.6945	1545134980.7139
8.8162	16.0112	4.6938	1545134980.7735
8.8163	15.9987	4.6951	1545134980.8361
8.8179	15.9848	4.6918	1545134980.8933
8.8176	15.9708	4.6915	1545134980.9538
8.8178	15.9573	4.6934	1545134981.0133
8.8176	15.9435	4.6933	1545134981.0738
8.8174	15.9305	4.694	1545134981.1333
8.8186	15.917	4.6905	1545134981.1937
8.8183	15.903	4.6892	1545134981.2528
8.8181	15.8875	4.6883	1545134981.316
8.8176	15.874	4.6873	1545134981.3737
8.8172	15.8601	4.6876	1545134981.4334
8.817	15.8466	4.6881	1545134981.4933
8.8166	15.8332	4.6898	1545134981.556
8.8167	15.8194	4.6892	1545134981.6135
8.8181	15.8044	4.6928	1545134981.6735
8.8179	15.7922	4.6941	1545134981.7334
8.8196	15.7786	4.6912	1545134981.7965
8.8194	15.7653	4.6917	1545134981.8534
8.8189	15.75	4.6918	1545134981.9137
8.8178	15.7356	4.6895	1545134981.9737
8.8177	15.7232	4.6909	1545134982.0374
8.8197	15.7104	4.6874	1545134982.0932
8.8194	15.6967	4.6882	1545134982.1536
8.8193	15.6817	4.6891	1545134982.2137
8.8191	15.6685	4.6879	1545134982.2736
8.8192	15.6575	4.6898	1545134982.3331
8.8202	15.6442	4.6872	1545134982.3936
8.8199	15.6304	4.6882	1545134982.453
8.8199	15.6149	4.6889	1545134982.516
8.8197	15.601	4.6891	1545134982.5733
8.8194	15.5871	4.6877	1545134982.6336
8.8193	15.573	4.687	1545134982.6939
8.819	15.5591	4.6873	1545134982.7534
8.8187	15.5452	4.6873	1545134982.8135
8.8182	15.5319	4.6866	1545134982.8736
8.8181	15.5203	4.6875	1545134982.9336
8.8197	15.507	4.6837	1545134982.9959
8.8193	15.4931	4.6835	1545134983.0534
8.8183	15.4762	4.6851	1545134983.1137
8.8182	15.4629	4.6862	1545134983.1735
8.8178	15.4504	4.6879	1545134983.2335
8.8195	15.4374	4.6853	1545134983.2931
8.8192	15.4236	4.686	1545134983.3537
8.8188	15.4096	4.686	1545134983.4134
8.8191	15.3937	4.6874	1545134983.4737
8.8188	15.3799	4.6872	1545134983.5332
8.8201	15.3655	4.6853	1545134983.5941
8.8197	15.3521	4.6848	1545134983.6535
8.8198	15.3359	4.6856	1545134983.7164
8.8195	15.3225	4.6857	1545134983.7735
8.8192	15.3088	4.6863	1545134983.8341
8.82	15.295	4.6852	1545134983.8934
8.8197	15.2808	4.6865	1545134983.956
8.8193	15.2668	4.6868	1545134984.0135
8.8189	15.2534	4.6863	1545134984.0738
8.8187	15.2414	4.687	1545134984.1338
8.8199	15.2278	4.6848	1545134984.1965
8.8195	15.2145	4.6854	1545134984.2532
8.8189	15.1991	4.6856	1545134984.3136
8.8185	15.1851	4.6856	1545134984.3736
8.8182	15.1714	4.6859	1545134984.4336
8.819	15.157	4.6843	1545134984.4935
8.8186	15.1432	4.6847	1545134984.5538
8.8182	15.1286	4.6844	1545134984.6133
8.8168	15.1138	4.6825	1545134984.676
8.8167	15.1021	4.6836	1545134984.7333
8.817	15.088	4.6827	1545134984.7936
8.8167	15.0747	4.6841	1545134984.8535
8.8162	15.06	4.6854	1545134984.9159
8.8151	15.0454	4.6847	1545134984.9736
8.8149	15.0336	4.6864	1545134985.0336
8.8152	15.0186	4.6863	1545134985.0935
8.8149	15.0047	4.6857	1545134985.1569
8.8135	15.0026	4.679	1545134985.2129
8.8168	14.9937	4.6859	1545134985.2735
8.8164	14.9797	4.6856	1545134985.3336
8.8161	14.9658	4.6857	1545134985.3936
8.8167	14.9524	4.6853	1545134985.4533
8.8161	14.9412	4.6843	1545134985.5137
8.8175	14.9296	4.6882	1545134985.574
8.8171	14.9158	4.6878	1545134985.6337
8.8173	14.9012	4.6873	1545134985.6935
8.8172	14.8878	4.6855	1545134985.7534
8.8187	14.87	4.6876	1545134985.8136
8.8183	14.8557	4.6869	1545134985.8758
8.8179	14.8414	4.6862	1545134985.9333
8.8181	14.8273	4.6849	1545134985.994
8.8178	14.814	4.6836	1545134986.0535
8.8181	14.7943	4.686	1545134986.1172
8.817	14.7801	4.6838	1545134986.174
8.8167	14.7667	4.684	1545134986.2336
8.8168	14.7524	4.6825	1545134986.2934
8.8165	14.738	4.6809	1545134986.3562
8.8171	14.7255	4.6817	1545134986.4137
8.8166	14.712	4.6818	1545134986.4732
8.8163	14.6986	4.6824	1545134986.5337
8.8159	14.6851	4.6832	1545134986.5937
8.8165	14.6724	4.6816	1545134986.6537
8.8161	14.6586	4.6823	1545134986.7135
8.8163	14.6419	4.6842	1545134986.7729
8.8159	14.6279	4.6839	1545134986.8369
8.8163	14.6151	4.6824	1545134986.8936
8.816	14.6012	4.6808	1545134986.9536
8.8166	14.5884	4.6825	1545134987.0132
8.8162	14.574	4.6818	1545134987.0759
8.8157	14.5605	4.6814	1545134987.1335
8.8152	14.5466	4.6816	1545134987.1937
8.8156	14.5331	4.6803	1545134987.2529
8.8156	14.5166	4.6827	1545134987.3158
8.8152	14.5036	4.6826	1545134987.3737
8.8148	14.4897	4.6827	1545134987.4334
8.8144	14.4757	4.6822	1545134987.4936
8.8149	14.4623	4.6806	1545134987.5565
8.815	14.4494	4.6822	1545134987.6135
8.8146	14.4351	4.6827	1545134987.6738
8.8137	14.4205	4.6814	1545134987.7334
8.8137	14.4062	4.6809	1545134987.7959
8.8138	14.3934	4.6821	1545134987.8532
8.8148	14.3867	4.6774	1545134987.9129
8.8155	14.3729	4.6819	1545134987.9733
8.8145	14.3561	4.6788	1545134988.0359
8.8139	14.3429	4.6783	1545134988.0931
8.8133	14.3294	4.6779	1545134988.1534
8.813	14.32	4.6757	1545134988.2136
8.8139	14.3062	4.6814	1545134988.2731
8.8135	14.291	4.6806	1545134988.3339
8.813	14.277	4.6816	1545134988.3934
8.8125	14.2635	4.6816	1545134988.4538
8.8121	14.2495	4.6816	1545134988.5137
8.8116	14.2356	4.6814	1545134988.5731
8.8113	14.2217	4.6794	1545134988.6334
8.8098	14.2085	4.6814	1545134988.6933
8.8094	14.1946	4.682	1545134988.7562
8.8096	14.1862	4.68	1545134988.8137
8.8108	14.1735	4.6835	1545134988.8731
8.8104	14.1595	4.6835	1545134988.9333
8.8098	14.1447	4.6848	1545134988.996
8.8094	14.1316	4.6849	1545134989.0534
8.8092	14.12	4.6837	1545134989.1136
8.81	14.1075	4.6857	1545134989.1736
8.8099	14.0932	4.6842	1545134989.2329
8.81	14.0791	4.6839	1545134989.2934
8.8096	14.0653	4.6848	1545134989.3533
8.8092	14.0528	4.6837	1545134989.4135
8.8101	14.0399	4.6854	1545134989.4757
8.8099	14.0249	4.6843	1545134989.5332
8.8099	14.0108	4.6838	1545134989.5934
8.8095	13.9969	4.6839	1545134989.6535
8.8101	13.9778	4.6868	1545134989.716
8.8088	13.9633	4.6842	1545134989.7732
8.8085	13.9485	4.6812	1545134989.8336
8.8077	13.9348	4.6814	1545134989.8935
8.8073	13.9211	4.6823	1545134989.9564
8.807	13.91	4.6811	1545134990.0132
8.8081	13.8982	4.6834	1545134990.0737
8.8077	13.8836	4.6814	1545134990.1336
8.807	13.8699	4.6823	1545134990.1957
8.8066	13.8566	4.6833	1545134990.2533
8.8063	13.8447	4.6821	1545134990.3142
8.8072	13.8319	4.6836	1545134990.3735
8.807	13.8164	4.6831	1545134990.4361
8.807	13.803	4.6822	1545134990.4936
8.8066	13.7896	4.6834	1545134990.5534
8.8062	13.7769	4.6828	1545134990.6138
8.8067	13.7631	4.6842	1545134990.6763
8.8067	13.7487	4.6835	1545134990.7333
8.8066	13.7346	4.6832	1545134990.7935
8.8062	13.7208	4.6843	1545134990.8539
8.8066	13.7011	4.6874	1545134990.9159
8.8051	13.6864	4.6854	1545134990.9737
8.805	13.6721	4.6849	1545134991.0339
8.805	13.6581	4.6838	1545134991.0933
8.8046	13.6432	4.6839	1545134991.157
8.8044	13.633	4.6819	1545134991.2132
8.8054	13.6201	4.684	1545134991.2745
8.805	13.6055	4.6828	1545134991.3339
8.8044	13.5917	4.6832	1545134991.3936
8.8044	13.5773	4.682	1545134991.4537
8.804	13.5651	4.6808	1545134991.5135
8.805	13.5523	4.6822	1545134991.5736
8.8048	13.537	4.6813	1545134991.636
8.8043	13.524	4.682	1545134991.6931
8.8039	13.5098	4.6815	1545134991.7543
8.8034	13.4962	4.6815	1545134991.8139
8.8042	13.4831	4.6831	1545134991.8759
8.8038	13.469	4.6825	1545134991.9338
8.8036	13.455	4.6829	1545134991.9934
8.8032	13.4416	4.6832	1545134992.0536
8.8027	13.4275	4.6836	1545134992.1169
8.8031	13.4152	4.6847	1545134992.1731
8.8029	13.4	4.6833	1545134992.2333
8.8022	13.386	4.6842	1545134992.2936
8.8018	13.3719	4.6835	1545134992.3559
8.8014	13.3583	4.6839	1545134992.4131
8.8019	13.3452	4.6857	1545134992.473
8.8017	13.3303	4.6853	1545134992.5336
8.8015	13.3159	4.685	1545134992.5963
8.8011	13.3028	4.6849	1545134992.654
8.8007	13.2891	4.6856	1545134992.7136
8.801	13.2762	4.687	1545134992.7732
8.8007	13.2613	4.6878	1545134992.8335
8.8017	13.2454	4.686	1545134992.893
8.8013	13.2309	4.6854	1545134992.9535
8.8009	13.218	4.6843	1545134993.0133
8.8021	13.2048	4.6863	1545134993.0736
8.8015	13.1879	4.6838	1545134993.1332
8.8006	13.1738	4.6841	1545134993.1933
8.8002	13.1592	4.6828	1545134993.2542
8.7998	13.1452	4.6824	1545134993.3143
8.7999	13.1316	4.6829	1545134993.3733
8.7995	13.1167	4.6821	1545134993.4336
8.7988	13.1026	4.6828	1545134993.4935
8.7984	13.0886	4.6824	1545134993.5536
8.798	13.0767	4.6825	1545134993.6133
8.7986	13.0642	4.6842	1545134993.6731
8.7983	13.0499	4.6838	1545134993.7332
8.798	13.036	4.6849	1545134993.7937
8.7977	13.022	4.685	1545134993.8536
8.7974	13.008	4.6845	1545134993.9138
8.7973	12.9936	4.685	1545134993.9731
8.7969	12.9797	4.6851	1545134994.0358
8.7966	12.9663	4.6862	1545134994.0931
8.7962	12.9522	4.6863	1545134994.1539
8.7965	12.9366	4.688	1545134994.2136
8.7961	12.9223	4.6892	1545134994.2763
8.7954	12.9047	4.6867	1545134994.3331
8.7951	12.8903	4.6864	1545134994.3937
8.795	12.8772	4.6868	1545134994.4533
8.7947	12.8633	4.687	1545134994.5135
8.7941	12.8501	4.6862	1545134994.5731
8.7937	12.8367	4.6863	1545134994.6334
8.7934	12.8228	4.6864	1545134994.6935
8.7932	12.8086	4.6869	1545134994.756
8.7929	12.7951	4.6868	1545134994.8133
8.7924	12.7816	4.6855	1545134994.8736
8.792	12.7673	4.6844	1545134994.9337
8.7916	12.7538	4.6841	1545134994.9938
8.7911	12.7397	4.6842	1545134995.0531
8.7911	12.7222	4.6869	1545134995.1136
8.7901	12.7083	4.6865	1545134995.1736
8.7898	12.6935	4.6872	1545134995.2368
8.7895	12.68	4.6872	1545134995.2938
8.7894	12.6673	4.6893	1545134995.3535
8.7891	12.6533	4.6896	1545134995.4135
8.7884	12.6393	4.6887	1545134995.4764
8.7881	12.6259	4.689	1545134995.5335
8.7875	12.6119	4.6889	1545134995.5936
8.7872	12.598	4.6886	1545134995.6536
8.7868	12.582	4.6888	1545134995.7164
8.7861	12.5686	4.688	1545134995.7738
8.7858	12.5547	4.6885	1545134995.8335
8.7851	12.5408	4.6903	1545134995.8934
8.7848	12.5273	4.6916	1545134995.9534
8.7845	12.5133	4.6917	1545134996.013
8.784	12.4999	4.6913	1545134996.0739
8.7837	12.4864	4.6918	1545134996.1331
8.7832	12.4725	4.6921	1545134996.1957
8.783	12.459	4.6924	1545134996.2535
8.7827	12.4451	4.693	1545134996.3138
8.7821	12.4307	4.6929	1545134996.3733
8.7819	12.4173	4.6925	1545134996.4336
8.7812	12.405	4.693	1545134996.4935
8.7809	12.391	4.6923	1545134996.5529
8.7806	12.3766	4.6918	1545134996.6135
8.7801	12.3619	4.6905	1545134996.6764
8.7798	12.3485	4.6904	1545134996.7334
8.7793	12.3351	4.6907	1545134996.7937
8.779	12.3216	4.6912	1545134996.8531
8.7787	12.307	4.6922	1545134996.9158
8.7782	12.2939	4.6927	1545134996.9733
8.778	12.28	4.6935	1545134997.0334
8.7775	12.2672	4.6947	1545134997.0933
8.7775	12.2533	4.6936	1545134997.1537
8.7775	12.2419	4.6923	1545134997.2133
8.7792	12.2291	4.6942	1545134997.2745
8.7788	12.2141	4.6952	1545134997.3337
8.7789	12.1997	4.6947	1545134997.3929
8.779	12.1857	4.6934	1545134997.4531
8.779	12.1698	4.6949	1545134997.5141
8.7787	12.1562	4.6954	1545134997.5736
8.7785	12.1418	4.6964	1545134997.6361
8.7789	12.129	4.6956	1545134997.6934
8.7787	12.1149	4.6951	1545134997.7534
8.7782	12.1034	4.6934	1545134997.813
8.7793	12.0902	4.695	1545134997.8767
8.7792	12.0759	4.6931	1545134997.9332
8.778	12.0623	4.6944	1545134997.9938
8.7777	12.0488	4.6949	1545134998.0531
8.7776	12.0351	4.6966	1545134998.1138
8.7772	12.0219	4.6965	1545134998.1732
8.777	12.0072	4.695	1545134998.2337
8.7762	11.9934	4.6948	1545134998.2936
8.776	11.9789	4.6935	1545134998.356
8.7757	11.9616	4.6955	1545134998.4131
8.775	11.947	4.6952	1545134998.4733
8.7747	11.933	4.6963	1545134998.5335
8.7748	11.9197	4.6958	1545134998.5931
8.7746	11.9057	4.6966	1545134998.6537
8.7744	11.89	4.6985	1545134998.7135
8.7734	11.8757	4.6976	1545134998.7734
8.7755	11.8643	4.695	1545134998.8335
8.7752	11.8526	4.6961	1545134998.8931
8.775	11.8381	4.6965	1545134998.954
8.7751	11.8226	4.6971	1545134999.0136
8.7757	11.8094	4.6931	1545134999.073
8.7758	11.7955	4.6937	1545134999.1335
8.775	11.7819	4.6942	1545134999.1932
8.7747	11.7679	4.6947	1545134999.2535
8.7749	11.7512	4.6972	1545134999.3158
8.7738	11.7363	4.6961	1545134999.3738
8.7737	11.722	4.6942	1545134999.4336
8.7721	11.7095	4.6958	1545134999.4933
8.7721	11.696	4.6948	1545134999.5559
8.7722	11.6801	4.6962	1545134999.6132
8.7717	11.6658	4.6959	1545134999.6733
8.7712	11.6522	4.6963	1545134999.7341
8.7715	11.6383	4.695	1545134999.7962
8.7712	11.6254	4.6953	1545134999.8533
8.7711	11.6098	4.6962	1545134999.9136
8.7705	11.5955	4.6948	1545134999.9734
8.7702	11.5811	4.6929	1545135000.0329
8.7696	11.5672	4.6925	1545135000.0936
8.7693	11.5533	4.6932	1545135000.1538
8.7691	11.5384	4.6948	1545135000.2136
8.7676	11.5232	4.6934	1545135000.2735
8.7669	11.5137	4.6968	1545135000.333
8.7675	11.5005	4.6957	1545135000.3939
8.7673	11.4871	4.6978	1545135000.4534
8.7672	11.4715	4.6993	1545135000.516
8.7668	11.4578	4.6993	1545135000.5732
8.7667	11.4442	4.6996	1545135000.6336
8.767	11.4303	4.6981	1545135000.6935
8.7669	11.4164	4.6969	1545135000.756
8.7668	11.4022	4.6971	1545135000.8132
8.767	11.3893	4.6987	1545135000.8735
8.7668	11.3752	4.6996	1545135000.9337
8.7662	11.3624	4.7017	1545135000.9936
8.7664	11.3487	4.7018	1545135001.053
8.7657	11.3371	4.7002	1545135001.114
8.766	11.324	4.7012	1545135001.1731
8.7659	11.31	4.701	1545135001.2359
8.767	11.2971	4.6993	1545135001.294
8.7667	11.2833	4.6999	1545135001.3537
8.7666	11.2691	4.7006	1545135001.4136
8.7668	11.2559	4.7019	1545135001.4758
8.7667	11.2422	4.702	1545135001.533
8.7678	11.2283	4.7001	1545135001.5937
8.7675	11.2149	4.7004	1545135001.6531
8.7677	11.2037	4.6976	1545135001.7137
8.7696	11.1909	4.6992	1545135001.7734
8.7694	11.177	4.6987	1545135001.8337
8.7692	11.1625	4.6991	1545135001.8936
8.7691	11.1489	4.6991	1545135001.9569
8.7691	11.1313	4.7011	1545135002.0137
8.7684	11.1168	4.7004	1545135002.074
8.7684	11.1019	4.7004	1545135002.1335
8.7685	11.088	4.6995	1545135002.1958
8.7683	11.074	4.6986	1545135002.2537
8.7681	11.0601	4.6985	1545135002.3131
8.7685	11.0455	4.6988	1545135002.3734
8.7683	11.0314	4.6982	1545135002.4363
8.7684	11.0187	4.6979	1545135002.4932
8.7682	11.0043	4.6973	1545135002.5535
8.768	10.9904	4.6983	1545135002.6139
8.7687	10.9755	4.7002	1545135002.6759
8.7685	10.9618	4.7007	1545135002.7335
8.769	10.9483	4.6992	1545135002.7937
8.7688	10.9344	4.699	1545135002.8539
8.7686	10.9206	4.6987	1545135002.9163
8.7687	10.9078	4.6994	1545135002.9736
8.7685	10.8938	4.6992	1545135003.0337
8.7691	10.8802	4.6977	1545135003.0935
8.7688	10.8659	4.6982	1545135003.157
8.7686	10.8523	4.6975	1545135003.2131
8.7689	10.8377	4.6976	1545135003.2742
8.7687	10.8235	4.6966	1545135003.3335
8.7693	10.8095	4.694	1545135003.3961
8.769	10.7967	4.6938	1545135003.4533
8.7687	10.7827	4.6936	1545135003.5136
8.7693	10.7677	4.6953	1545135003.5737
8.7693	10.755	4.6954	1545135003.6338
8.7692	10.7408	4.6954	1545135003.6936
8.769	10.7275	4.6964	1545135003.7535
8.7687	10.7129	4.6963	1545135003.8135
8.7689	10.6985	4.6971	1545135003.8758
8.7687	10.6843	4.6966	1545135003.934
8.7689	10.6707	4.6959	1545135003.9936
8.7686	10.6568	4.6969	1545135004.0533
8.7683	10.6439	4.6957	1545135004.116
8.7685	10.6307	4.6968	1545135004.1733
8.7683	10.617	4.6967	1545135004.2336
8.768	10.6029	4.6972	1545135004.2935
8.7679	10.5895	4.6967	1545135004.3558
8.7679	10.5738	4.6981	1545135004.4133
8.7676	10.5597	4.6983	1545135004.4734
8.7674	10.5445	4.6959	1545135004.5337
8.7669	10.5304	4.6963	1545135004.5958
8.7667	10.5163	4.6956	1545135004.6536
8.7663	10.5003	4.6938	1545135004.7135
8.7666	10.4863	4.6953	1545135004.7737
8.7666	10.4736	4.6952	1545135004.8336
8.7663	10.4609	4.696	1545135004.8933
8.766	10.4464	4.6961	1545135004.9533
8.7657	10.4322	4.6965	1545135005.0141
8.7649	10.4173	4.6953	1545135005.0769
8.7647	10.4036	4.6946	1545135005.1336
8.7642	10.3897	4.695	1545135005.193
8.764	10.3757	4.696	1545135005.2538
8.7637	10.3629	4.6963	1545135005.3164
8.7637	10.3501	4.6976	1545135005.3732
8.7637	10.3359	4.6969	1545135005.4337
8.7626	10.3225	4.699	1545135005.4935
8.7624	10.3085	4.6989	1545135005.5564
8.7622	10.2945	4.6997	1545135005.613
8.7619	10.2809	4.6996	1545135005.6733
8.7619	10.266	4.6983	1545135005.7331
8.761	10.2529	4.6993	1545135005.793
8.7608	10.2394	4.6998	1545135005.8531
8.7606	10.2252	4.6998	1545135005.9134
8.7606	10.2113	4.7002	1545135005.9738
8.7607	10.1956	4.6999	1545135006.0375
8.7604	10.1826	4.7005	1545135006.0938
8.7602	10.1684	4.6993	1545135006.1536
8.76	10.1538	4.6991	1545135006.2135
8.7598	10.1404	4.6994	1545135006.2741
8.7596	10.127	4.6998	1545135006.3332
8.7594	10.113	4.7002	1545135006.3936
8.7593	10.0995	4.7	1545135006.4531
8.7591	10.0851	4.6993	1545135006.5169
8.7592	10.0722	4.6998	1545135006.5733
8.7591	10.0573	4.6982	1545135006.6336
8.7583	10.0436	4.6993	1545135006.6938
8.7581	10.0296	4.6993	1545135006.7569
8.758	10.016	4.6991	1545135006.8137
8.7583	10.0029	4.7	1545135006.8734
8.7582	9.9883	4.6997	1545135006.9338
8.7576	9.9753	4.7011	1545135006.9934
8.7575	9.9619	4.702	1545135007.0531
8.7574	9.9486	4.7016	1545135007.1132
8.7575	9.9359	4.7021	1545135007.1734
8.7576	9.9205	4.7016	1545135007.2345
8.7575	9.9075	4.7016	1545135007.2937
8.7573	9.8935	4.7011	1545135007.3536
8.7569	9.8823	4.6993	1545135007.4132
8.7575	9.8693	4.7014	1545135007.4757
8.7574	9.8558	4.7001	1545135007.5335
8.7571	9.8419	4.7003	1545135007.5929
8.757	9.8277	4.7005	1545135007.6534
8.7563	9.8142	4.6995	1545135007.7158
8.7569	9.8026	4.7022	1545135007.7738
8.7568	9.7888	4.7029	1545135007.8331
8.7582	9.7752	4.7021	1545135007.8937
8.758	9.7613	4.7031	1545135007.9558
8.7576	9.7491	4.7026	1545135008.0131
8.7583	9.7362	4.7048	1545135008.0728
8.7583	9.722	4.7039	1545135008.1333
8.7592	9.7083	4.7022	1545135008.1959
8.7591	9.6948	4.7017	1545135008.2529
8.759	9.6784	4.7029	1545135008.3136
8.7593	9.6652	4.7034	1545135008.3735
8.7592	9.6501	4.7029	1545135008.4362
8.7599	9.6374	4.7013	1545135008.4931
8.7598	9.6237	4.701	1545135008.5537
8.7596	9.6092	4.701	1545135008.6129
8.7596	9.5953	4.7011	1545135008.6732
8.7595	9.5813	4.7007	1545135008.7336
8.7592	9.5681	4.6996	1545135008.7932
8.7592	9.5546	4.6989	1545135008.8532
8.7591	9.5387	4.7004	1545135008.9129
8.7593	9.525	4.7015	1545135008.9738
8.7592	9.5114	4.7023	1545135009.0336
8.7598	9.4978	4.7013	1545135009.0945
8.7596	9.4838	4.7014	1545135009.1559
8.7592	9.4714	4.7006	1545135009.213
8.76	9.459	4.7028	1545135009.2739
8.76	9.4446	4.7024	1545135009.3333
8.7605	9.4309	4.7009	1545135009.3957
8.7604	9.4169	4.7003	1545135009.4535
8.7605	9.4012	4.7015	1545135009.5135
8.7607	9.3875	4.7025	1545135009.5736
8.7605	9.3736	4.7017	1545135009.6337
8.7609	9.3596	4.7008	1545135009.6936
8.7608	9.3455	4.7003	1545135009.7537
8.7605	9.3324	4.7	1545135009.8138
8.7599	9.3183	4.6986	1545135009.8735
8.7602	9.3067	4.7006	1545135009.933
8.7599	9.2929	4.7006	1545135009.993
8.7599	9.2791	4.7009	1545135010.0541
8.7595	9.2663	4.7001	1545135010.1158
8.7603	9.2538	4.7017	1545135010.173
8.7602	9.2392	4.7005	1545135010.2335
8.7605	9.2257	4.6993	1545135010.294
8.7603	9.2117	4.6986	1545135010.3537
8.7601	9.1978	4.6986	1545135010.4139
8.7603	9.1852	4.6995	1545135010.4736
8.7602	9.1713	4.7005	1545135010.5333
8.7611	9.1561	4.6995	1545135010.5958
8.761	9.1431	4.6996	1545135010.6535
8.7607	9.1297	4.6994	1545135010.7137
8.761	9.1172	4.7005	1545135010.7731
8.7609	9.1026	4.7002	1545135010.8361
8.761	9.0899	4.7001	1545135010.8932
8.7608	9.0759	4.6992	1545135010.9535
8.7607	9.0614	4.6995	1545135011.0129
8.7613	9.0475	4.701	1545135011.0762
8.7611	9.0339	4.6998	1545135011.1336
8.7613	9.0199	4.6996	1545135011.194
8.7611	9.0059	4.7003	1545135011.2541
8.7609	8.9921	4.7007	1545135011.3159
8.7615	8.9792	4.702	1545135011.3732
8.7613	8.9646	4.7009	1545135011.434
8.7615	8.9506	4.7009	1545135011.4938
8.7613	8.9365	4.6999	1545135011.5559
8.7612	8.9235	4.6994	1545135011.6133
8.7618	8.9101	4.7009	1545135011.6741
8.7616	8.8956	4.6994	1545135011.734
8.7614	8.8807	4.6996	1545135011.7957
8.7612	8.8671	4.6991	1545135011.8531
8.7603	8.8553	4.6967	1545135011.9138
8.7608	8.8417	4.699	1545135011.9729
8.7611	8.8288	4.6972	1545135012.0336
8.7609	8.814	4.6963	1545135012.0933
8.7607	8.8	4.6963	1545135012.1539
8.7605	8.7851	4.6975	1545135012.2136
8.7613	8.7722	4.6999	1545135012.2746
8.7616	8.7588	4.6974	1545135012.3335
8.7609	8.7461	4.6991	1545135012.3931
8.7608	8.7316	4.6989	1545135012.4531
8.7602	8.716	4.7003	1545135012.516
8.7606	8.7018	4.7014	1545135012.5729
8.7608	8.6858	4.699	1545135012.6341
8.7606	8.6718	4.6984	1545135012.6936
8.7602	8.6552	4.6992	1545135012.756
8.7597	8.6429	4.6982	1545135012.8132
8.7594	8.6283	4.6994	1545135012.8735
8.7599	8.6152	4.7007	1545135012.9334
8.7608	8.5991	4.6994	1545135012.9958
8.7605	8.5851	4.6992	1545135013.0533
8.7603	8.5724	4.6986	1545135013.1138
8.7612	8.5596	4.7004	1545135013.1737
8.7618	8.5437	4.6992	1545135013.2365
8.7616	8.5306	4.699	1545135013.2932
8.7614	8.5166	4.6987	1545135013.3536
8.7612	8.5029	4.6987	1545135013.4137
8.762	8.4894	4.7004	1545135013.476
8.762	8.4743	4.6987	1545135013.5335
8.7616	8.4604	4.6986	1545135013.5937
8.7614	8.4463	4.697	1545135013.6536
8.7612	8.4323	4.6959	1545135013.7135
8.7619	8.4162	4.6968	1545135013.7736
8.7618	8.4018	4.6955	1545135013.8337
8.7611	8.388	4.6975	1545135013.894
8.7609	8.374	4.6978	1545135013.9559
8.7607	8.3605	4.6982	1545135014.0139
8.7613	8.3483	4.6999	1545135014.0738
8.7612	8.3332	4.6989	1545135014.1337
8.7611	8.3192	4.6988	1545135014.1931
8.7608	8.3046	4.6996	1545135014.2535
8.7606	8.2906	4.699	1545135014.3137
8.761	8.2763	4.6993	1545135014.3736
8.7609	8.2603	4.6975	1545135014.4359
8.7604	8.2474	4.6978	1545135014.4932
8.7602	8.2334	4.6983	1545135014.5541
8.76	8.2195	4.6994	1545135014.613
8.7602	8.2037	4.7009	1545135014.6763
8.7601	8.1894	4.6993	1545135014.733
8.7596	8.1755	4.6994	1545135014.7937
8.7595	8.1621	4.7005	1545135014.8541
8.7593	8.1475	4.7002	1545135014.9165
8.7593	8.1335	4.7007	1545135014.9731
8.7593	8.1193	4.7003	1545135015.0336
8.7591	8.1053	4.7004	1545135015.0936
8.759	8.0913	4.7001	1545135015.1536
8.7588	8.0774	4.7002	1545135015.2138
8.7587	8.0631	4.6998	1545135015.2745
8.7585	8.0485	4.6978	1545135015.3342
8.758	8.0345	4.6971	1545135015.393
8.7578	8.0205	4.6974	1545135015.4531
8.7576	8.0071	4.698	1545135015.5131
8.7577	7.9929	4.6994	1545135015.5733
8.7578	7.9789	4.6998	1545135015.6334
8.7576	7.9649	4.7008	1545135015.6931
8.7574	7.9514	4.7014	1545135015.7536
8.7573	7.9375	4.7012	1545135015.8135
8.7575	7.9227	4.702	1545135015.8762
8.7573	7.9083	4.7016	1545135015.9333
8.7572	7.8949	4.7014	1545135015.9936
8.757	7.8809	4.7009	1545135016.053
8.7569	7.8669	4.701	1545135016.1134
8.7568	7.8527	4.7008	1545135016.1736
8.7568	7.8397	4.7018	1545135016.234
8.7571	7.8272	4.7016	1545135016.2935
8.757	7.8123	4.7034	1545135016.3561
8.7586	7.8081	4.7006	1545135016.4135
8.7609	7.7968	4.7029	1545135016.4734
8.7608	7.7821	4.7019	1545135016.5332
8.7606	7.7681	4.7023	1545135016.596
8.7605	7.7546	4.702	1545135016.6534
8.7605	7.7426	4.701	1545135016.7131
8.7618	7.73	4.7025	1545135016.7735
8.7619	7.7148	4.7015	1545135016.8335
8.7618	7.7009	4.7013	1545135016.8937
8.7617	7.6874	4.7008	1545135016.9539
8.7615	7.6751	4.6984	1545135017.0138
8.7626	7.6617	4.6987	1545135017.0764
8.7626	7.6476	4.6963	1545135017.1332
8.7622	7.6336	4.6963	1545135017.1936
8.7619	7.6202	4.6968	1545135017.2536
8.7616	7.6065	4.6966	1545135017.3138
8.762	7.5907	4.6979	1545135017.3731
8.7631	7.58	4.6964	1545135017.4336
8.7629	7.5663	4.6966	1545135017.4934
8.7625	7.5512	4.6961	1545135017.5567
8.7624	7.5388	4.6953	1545135017.6132
8.7633	7.5256	4.6971	1545135017.6734
8.7637	7.5106	4.6948	1545135017.7337
8.7631	7.4993	4.6924	1545135017.7937
8.7637	7.4856	4.6958	1545135017.8539
8.7639	7.4727	4.6955	1545135017.9134
8.7627	7.4581	4.6936	1545135017.9734
8.7612	7.4426	4.6974	1545135018.0328
8.7611	7.4277	4.697	1545135018.0931
8.7609	7.4137	4.697	1545135018.1536
8.7607	7.4005	4.6967	1545135018.213
8.7596	7.386	4.695	1545135018.2731
8.7597	7.3749	4.6979	1545135018.3332
8.76	7.3605	4.6977	1545135018.3936
8.7598	7.3465	4.6984	1545135018.4536
8.759	7.3349	4.697	1545135018.5159
8.7579	7.3204	4.6987	1545135018.573
8.7582	7.3075	4.6998	1545135018.6338
8.7587	7.2934	4.6988	1545135018.6934
8.7584	7.2788	4.698	1545135018.7538
8.7582	7.2648	4.6979	1545135018.8138
8.7572	7.251	4.6959	1545135018.8729
8.7573	7.2395	4.6993	1545135018.9334
8.7579	7.2254	4.6993	1545135018.9935
8.7581	7.2118	4.6974	1545135019.053
8.7583	7.1941	4.7004	1545135019.1141
8.7574	7.1798	4.6992	1545135019.1735
8.7578	7.1686	4.7027	1545135019.2337
8.7586	7.155	4.7013	1545135019.2933
8.7585	7.1405	4.7013	1545135019.354
8.7584	7.1273	4.7013	1545135019.4136
8.7572	7.1118	4.6983	1545135019.4766
8.7575	7.1019	4.702	1545135019.5331
8.7583	7.0878	4.7007	1545135019.5938
8.7582	7.0739	4.7018	1545135019.6538
8.758	7.0589	4.703	1545135019.7166
8.757	7.045	4.7018	1545135019.7731
8.7566	7.0331	4.7029	1545135019.8338
8.7565	7.0186	4.7019	1545135019.8938
8.7562	7.0041	4.7024	1545135019.956
8.7561	6.9909	4.7029	1545135020.0136
8.7549	6.9764	4.7005	1545135020.0737
8.7553	6.9652	4.7039	1545135020.1335
8.7562	6.9509	4.7026	1545135020.1957
8.756	6.9378	4.7029	1545135020.2536
8.7559	6.9229	4.7035	1545135020.3133
8.7547	6.9085	4.7011	1545135020.3734
8.7542	6.8954	4.7017	1545135020.4358
8.7542	6.8825	4.7005	1545135020.4931
8.754	6.8685	4.7001	1545135020.5534
8.7539	6.8535	4.7009	1545135020.6134
8.7549	6.8413	4.7033	1545135020.6761
8.7548	6.8305	4.7016	1545135020.7331
8.754	6.8178	4.7032	1545135020.7935
8.7539	6.8037	4.7033	1545135020.8534
8.7539	6.7883	4.7043	1545135020.9159
8.7526	6.7739	4.7022	1545135020.973
8.7525	6.7619	4.7036	1545135021.0336
8.7527	6.7483	4.7029	1545135021.0935
8.7526	6.7338	4.7026	1545135021.1537
8.7526	6.7186	4.7037	1545135021.2131
8.7515	6.7041	4.7025	1545135021.2736
8.7514	6.6923	4.7051	1545135021.3333
8.7519	6.6782	4.7047	1545135021.3957
8.7518	6.6647	4.7054	1545135021.453
8.7518	6.65	4.7066	1545135021.5134
8.7507	6.636	4.7045	1545135021.5734
8.7506	6.6231	4.7065	1545135021.6359
8.7513	6.61	4.7056	1545135021.6941
8.7512	6.596	4.7061	1545135021.7538
8.7512	6.5814	4.7069	1545135021.8134
8.7511	6.5667	4.7077	1545135021.8741
8.7509	6.5533	4.7075	1545135021.9334
8.7517	6.5391	4.7057	1545135021.9929
8.7516	6.5251	4.7048	1545135022.0533
8.7516	6.5097	4.7047	1545135022.1169
8.7515	6.4962	4.7045	1545135022.1738
8.7515	6.483	4.7047	1545135022.2336
8.7521	6.4684	4.7035	1545135022.2939
8.752	6.4549	4.7036	1545135022.3529
8.7519	6.4403	4.704	1545135022.4132
8.7518	6.4262	4.705	1545135022.4739
8.7517	6.4122	4.705	1545135022.5337
8.7522	6.3981	4.7042	1545135022.5957
8.7521	6.3845	4.704	1545135022.6531
8.7521	6.3707	4.704	1545135022.7135
8.7519	6.3566	4.7052	1545135022.7732
8.7519	6.3423	4.7055	1545135022.8361
8.7526	6.3286	4.7041	1545135022.8936
8.7525	6.3146	4.7047	1545135022.9541
8.7523	6.3007	4.7046	1545135023.0134
8.7522	6.286	4.7065	1545135023.076
8.7523	6.2735	4.7072	1545135023.1331
8.7532	6.2593	4.7062	1545135023.1935
8.7531	6.2453	4.7063	1545135023.2534
8.7531	6.2305	4.706	1545135023.3129
8.7531	6.2155	4.7049	1545135023.373
8.7539	6.2022	4.706	1545135023.4335
8.7543	6.1882	4.7048	1545135023.4934
8.7542	6.1737	4.7049	1545135023.5561
8.7541	6.1606	4.704	1545135023.6132
8.754	6.1466	4.7041	1545135023.6729
8.7539	6.1326	4.704	1545135023.7335
8.7538	6.1177	4.7032	1545135023.7962
8.7537	6.1047	4.7028	1545135023.8541
8.7536	6.0907	4.7023	1545135023.9136
8.7534	6.0767	4.7023	1545135023.9733
8.7533	6.0628	4.7031	1545135024.0341
8.7532	6.0493	4.7029	1545135024.0932
8.753	6.0353	4.7027	1545135024.1538
8.7529	6.0213	4.7029	1545135024.2136
8.7528	6.0073	4.7027	1545135024.2745
8.754	5.9939	4.7043	1545135024.3333
8.7549	5.9801	4.7026	1545135024.3937
8.7548	5.9662	4.7028	1545135024.4533
8.7546	5.9515	4.703	1545135024.5162
8.7545	5.9381	4.7025	1545135024.5729
8.7557	5.9244	4.7046	1545135024.6337
8.7564	5.9104	4.7032	1545135024.6935
8.7563	5.8965	4.7032	1545135024.756
8.7561	5.8827	4.7029	1545135024.8134
8.7567	5.8677	4.7051	1545135024.8737
8.7573	5.8545	4.705	1545135024.9335
8.7571	5.8394	4.7038	1545135024.9936
8.7578	5.8247	4.7056	1545135025.0531
8.7585	5.811	4.7041	1545135025.1136
8.7583	5.7964	4.7032	1545135025.1737
8.7586	5.7812	4.7032	1545135025.236
8.759	5.7672	4.7014	1545135025.2933
8.7588	5.7527	4.701	1545135025.3534
8.7591	5.7378	4.7013	1545135025.4135
8.7593	5.723	4.7001	1545135025.4762
8.7592	5.7089	4.6991	1545135025.5331
8.759	5.6954	4.6983	1545135025.5936
8.7588	5.6814	4.6977	1545135025.654
8.7585	5.6721	4.6961	1545135025.7161
8.7583	5.658	4.6965	1545135025.7732
8.7545	5.6435	4.6927	1545135025.8335
8.7519	5.6386	4.6973	1545135025.8936
8.7514	5.6225	4.6988	1545135025.9562
8.7512	5.6094	4.7001	1545135026.0132
8.7511	5.5961	4.7017	1545135026.074
8.7511	5.5825	4.7021	1545135026.1335
8.751	5.568	4.7037	1545135026.1937
8.7508	5.554	4.7041	1545135026.2531
8.7506	5.5389	4.7056	1545135026.3136
8.7505	5.5257	4.7055	1545135026.3737
8.7504	5.5113	4.7051	1545135026.4336
8.7505	5.4974	4.7055	1545135026.4932
8.7504	5.4844	4.7053	1545135026.5535
8.7503	5.4703	4.7064	1545135026.614
8.7503	5.4554	4.706	1545135026.677
8.7503	5.442	4.7061	1545135026.7329
8.7503	5.428	4.7061	1545135026.7938
8.7502	5.415	4.7062	1545135026.8536
8.7501	5.4	4.7064	1545135026.916
8.7538	5.3866	4.7082	1545135026.9732
8.7534	5.3742	4.7095	1545135027.0334
8.7567	5.3603	4.706	1545135027.0935
8.7566	5.3457	4.7059	1545135027.1559
8.7565	5.332	4.7047	1545135027.2132
8.7612	5.3183	4.7074	1545135027.2745
8.7613	5.3029	4.7052	1545135027.3336
8.7633	5.2888	4.7016	1545135027.3935
8.7632	5.2747	4.6995	1545135027.4535
8.763	5.2612	4.698	1545135027.5139
8.767	5.2485	4.7013	1545135027.5734
8.767	5.2334	4.7002	1545135027.6336
8.768	5.2193	4.6985	1545135027.693
8.7679	5.2053	4.6979	1545135027.7535
8.7677	5.1925	4.6967	1545135027.814
8.7674	5.1783	4.6972	1545135027.8736
8.768	5.1664	4.6981	1545135027.9328
8.7686	5.1523	4.6962	1545135027.9934
8.7684	5.1382	4.6951	1545135028.0534
8.7681	5.1242	4.6936	1545135028.1173
8.7713	5.1113	4.697	1545135028.1733
8.7714	5.0955	4.6958	1545135028.2333
8.7716	5.0815	4.6956	1545135028.2934
8.7714	5.0674	4.695	1545135028.3557
8.7712	5.0533	4.6947	1545135028.4132
8.7725	5.0393	4.6963	1545135028.4737
8.7724	5.0239	4.6948	1545135028.5334
8.7725	5.01	4.6934	1545135028.5935
8.7722	4.996	4.6929	1545135028.6534
8.7719	4.9827	4.6916	1545135028.7137
8.7732	4.9687	4.6939	1545135028.7735
8.773	4.9538	4.6933	1545135028.8332
8.7732	4.9405	4.6928	1545135028.8931
8.773	4.9265	4.6916	1545135028.9536
8.7727	4.9127	4.6903	1545135029.014
8.7724	4.8989	4.6897	1545135029.0739
8.7726	4.8854	4.6906	1545135029.1331
8.7726	4.8716	4.6901	1545135029.1939
8.7723	4.8581	4.6901	1545135029.2538
8.772	4.8451	4.69	1545135029.3136
8.7731	4.831	4.6919	1545135029.3732
8.7729	4.8158	4.6917	1545135029.4339
8.773	4.802	4.6915	1545135029.4934
8.7727	4.788	4.6917	1545135029.5557
8.7724	4.7745	4.692	1545135029.6133
8.7728	4.7591	4.6925	1545135029.6735
8.7725	4.7445	4.6918	1545135029.7335
8.7729	4.7312	4.6906	1545135029.7937
8.7725	4.7171	4.6906	1545135029.8537
8.7722	4.7032	4.6914	1545135029.9132
8.7725	4.6882	4.6928	1545135029.9734
8.7722	4.6741	4.6932	1545135030.0358
8.7724	4.661	4.6921	1545135030.0937
8.7721	4.6476	4.6923	1545135030.1534
8.7719	4.635	4.6927	1545135030.2135
8.7722	4.6223	4.6943	1545135030.2742
8.7719	4.6125	4.693	1545135030.3332
8.772	4.6038	4.692	1545135030.3935
8.7718	4.5957	4.6915	1545135030.4533
8.7719	4.5875	4.6904	1545135030.516
8.7717	4.5798	4.6893	1545135030.5731
8.7719	4.5714	4.6883	1545135030.6332
8.7717	4.5634	4.688	1545135030.6934
8.7719	4.5559	4.688	1545135030.7527
8.7719	4.5476	4.6876	1545135030.8133
8.7718	4.5393	4.6872	1545135030.8734
8.7716	4.5313	4.6864	1545135030.9336
8.7719	4.5236	4.6856	1545135030.996
8.7717	4.5161	4.6842	1545135031.0537
8.7719	4.5105	4.6839	1545135031.1135
8.7718	4.5062	4.6829	1545135031.1735
8.7726	4.5046	4.6808	1545135031.2358
8.7726	4.5046	4.6792	1545135031.2933
8.7734	4.5055	4.679	1545135031.3535
8.7732	4.5054	4.6793	1545135031.4134
8.7735	4.505	4.6798	1545135031.4762
8.7735	4.505	4.68	1545135031.5341
8.7738	4.5052	4.6796	1545135031.5933
8.7739	4.5052	4.6795	1545135031.6541
8.774	4.5053	4.6795	1545135031.7162
8.774	4.5051	4.6796	1545135031.7733
8.7742	4.5051	4.6795	1545135031.8335
8.7742	4.5051	4.6795	1545135031.8935
8.7743	4.5052	4.6796	1545135031.9538
8.7743	4.5052	4.6795	1545135032.0134
8.7744	4.5051	4.6796	1545135032.074
8.7744	4.5052	4.6796	1545135032.1336
8.7744	4.5052	4.6795	1545135032.1928
8.7745	4.5052	4.6795	1545135032.2535
8.7745	4.5052	4.6795	1545135032.3134
8.7745	4.5052	4.6796	1545135032.3735
8.7746	4.5052	4.6795	1545135032.4358
8.7746	4.5051	4.6795	1545135032.4932
8.7746	4.5052	4.6795	1545135032.5534
8.7746	4.5052	4.6795	1545135032.6134
8.7747	4.5052	4.6796	1545135032.6737
8.7747	4.5052	4.6796	1545135032.7333
8.7747	4.5052	4.6795	1545135032.7932
8.7747	4.5052	4.6795	1545135032.853
8.7747	4.5052	4.6795	1545135032.9157
8.7748	4.5052	4.6795	1545135032.9729
8.7748	4.5052	4.6795	1545135033.0332
8.7748	4.5052	4.6795	1545135033.0933
8.7748	4.5052	4.6795	1545135033.1558
8.7748	4.5052	4.6795	1545135033.2128
8.7748	4.5052	4.6795	1545135033.274
8.7748	4.5052	4.6795	1545135033.3334
8.7748	4.5052	4.6795	1545135033.3957
8.7749	4.5052	4.6795	1545135033.453
8.7749	4.5052	4.6795	1545135033.5135
8.7749	4.5052	4.6795	1545135033.5736
8.7749	4.5052	4.6795	1545135033.6337
8.7749	4.5052	4.6795	1545135033.6932
8.7749	4.5052	4.6795	1545135033.7537
8.7749	4.5052	4.6795	1545135033.8133
8.7749	4.5052	4.6795	1545135033.8735
8.7749	4.5052	4.6795	1545135033.9332
8.7749	4.5052	4.6795	1545135033.9933
8.7749	4.5052	4.6795	1545135034.054
8.7749	4.5052	4.6795	1545135034.1128
8.775	4.5052	4.6795	1545135034.1741
8.775	4.5052	4.6795	1545135034.2333
8.7749	4.5052	4.6795	1545135034.2936
8.775	4.5052	4.6795	1545135034.3557
8.775	4.5052	4.6795	1545135034.4134
8.775	4.5052	4.6795	1545135034.4736
8.775	4.5052	4.6795	1545135034.5334
8.7749	4.5052	4.6795	1545135034.5935
8.775	4.5052	4.6795	1545135034.6534
8.7749	4.5052	4.6795	1545135034.7134
8.7749	4.5052	4.6795	1545135034.7732
8.7749	4.5053	4.6795	1545135034.833
8.7749	4.5053	4.6795	1545135034.893
8.7749	4.5053	4.6795	1545135034.9533
8.775	4.5053	4.6795	1545135035.0136
8.7749	4.5053	4.6795	1545135035.0775
8.7749	4.5053	4.6795	1545135035.1332
8.7749	4.5053	4.6795	1545135035.1933
8.7749	4.5053	4.6795	1545135035.2534
8.7749	4.5053	4.6795	1545135035.3162
8.7749	4.5053	4.6795	1545135035.3732
8.7749	4.5053	4.6795	1545135035.4336
8.7749	4.5053	4.6795	1545135035.493
8.7749	4.5053	4.6795	1545135035.556
8.7749	4.5052	4.6795	1545135035.6131
8.7749	4.5052	4.6795	1545135035.6733
8.7749	4.5053	4.6795	1545135035.7333
8.7749	4.5053	4.6795	1545135035.7928
8.7749	4.5053	4.6795	1545135035.8529
8.7749	4.5052	4.6795	1545135035.9135
8.7749	4.5053	4.6795	1545135035.9736
8.7749	4.5053	4.6795	1545135036.0358
8.7749	4.5053	4.6795	1545135036.093
8.7749	4.5053	4.6795	1545135036.1535
8.7749	4.5053	4.6795	1545135036.2128
8.7749	4.5053	4.6795	1545135036.2746
8.7749	4.5053	4.6795	1545135036.3337
8.7749	4.5053	4.6795	1545135036.3936
8.7749	4.5053	4.6795	1545135036.4529
8.7749	4.5053	4.6795	1545135036.5163
8.7749	4.5053	4.6795	1545135036.5735
8.7749	4.5053	4.6795	1545135036.6332
8.7749	4.5053	4.6795	1545135036.6933
8.7749	4.5053	4.6795	1545135036.754
8.7749	4.5053	4.6795	1545135036.8141
8.7749	4.5053	4.6795	1545135036.8739
8.7749	4.5054	4.6795	1545135036.9335
8.7749	4.5054	4.6795	1545135036.9939
8.7749	4.5054	4.6795	1545135037.0532
8.7749	4.5054	4.6795	1545135037.1133
8.7749	4.5053	4.6795	1545135037.1736
8.7749	4.5053	4.6795	1545135037.2358
8.7749	4.5053	4.6795	1545135037.2939
8.7749	4.5053	4.6795	1545135037.3535
8.7749	4.5053	4.6795	1545135037.4137
8.7749	4.5053	4.6795	1545135037.4739
8.7749	4.5053	4.6795	1545135037.5332
8.7749	4.5053	4.6795	1545135037.5937
8.7749	4.5053	4.6795	1545135037.6538
8.7749	4.5053	4.6795	1545135037.7168
8.7749	4.5053	4.6795	1545135037.7735
8.7749	4.5053	4.6795	1545135037.8333
8.7749	4.5053	4.6795	1545135037.8934
8.7749	4.5053	4.6795	1545135037.9535
8.7749	4.5053	4.6795	1545135038.0129
8.7749	4.5053	4.6795	1545135038.0736
8.7749	4.5053	4.6795	1545135038.1334
8.7749	4.5053	4.6795	1545135038.1935
8.7749	4.5053	4.6795	1545135038.2537
8.7749	4.5053	4.6795	1545135038.3135
8.7749	4.5053	4.6795	1545135038.3737
8.7749	4.5053	4.6795	1545135038.4331
8.7749	4.5053	4.6795	1545135038.493
8.7749	4.5053	4.6795	1545135038.5533
8.7749	4.5053	4.6795	1545135038.6134
8.7749	4.5053	4.6795	1545135038.6759
8.7749	4.5053	4.6795	1545135038.7337
8.7749	4.5053	4.6795	1545135038.7936
8.7749	4.5053	4.6795	1545135038.8539
8.7749	4.5053	4.6795	1545135038.916
8.7749	4.5053	4.6795	1545135038.9734
8.7749	4.5053	4.6795	1545135039.0333
8.7749	4.5053	4.6795	1545135039.0936
8.7749	4.5053	4.6795	1545135039.1535
8.7749	4.5053	4.6795	1545135039.2131
8.7749	4.5053	4.6795	1545135039.2729
8.7749	4.5053	4.6795	1545135039.3337
8.7749	4.5053	4.6795	1545135039.3938
8.7749	4.5053	4.6795	1545135039.4532
8.7749	4.5053	4.6795	1545135039.5138
8.7749	4.5053	4.6795	1545135039.5735
8.7749	4.5053	4.6795	1545135039.6363
8.7749	4.5053	4.6795	1545135039.693
8.7749	4.5053	4.6795	1545135039.7535
8.7749	4.5053	4.6795	1545135039.8131
8.7749	4.5053	4.6795	1545135039.8758
8.7749	4.5053	4.6795	1545135039.9332
8.7749	4.5053	4.6795	1545135039.9935
8.7749	4.5053	4.6795	1545135040.0537
8.7749	4.5053	4.6795	1545135040.1168
8.7749	4.5053	4.6795	1545135040.173
8.7749	4.5053	4.6795	1545135040.2333
8.7749	4.5054	4.6795	1545135040.2933
8.7749	4.5054	4.6795	1545135040.3557
8.7749	4.5054	4.6795	1545135040.413
8.7749	4.5053	4.6795	1545135040.4733
8.7749	4.5053	4.6795	1545135040.5333
8.7749	4.5053	4.6795	1545135040.593
8.7749	4.5053	4.6795	1545135040.6531
8.7749	4.5053	4.6795	1545135040.7132
8.7749	4.5053	4.6795	1545135040.7733
8.7749	4.5053	4.6795	1545135040.8328
8.7749	4.5053	4.6795	1545135040.8928
8.7749	4.5053	4.6795	1545135040.9532
8.7749	4.5053	4.6795	1545135041.0134
8.7749	4.5053	4.6795	1545135041.0758
8.7749	4.5053	4.6795	1545135041.1334
8.7749	4.5053	4.6795	1545135041.1934
8.7749	4.5053	4.6795	1545135041.2534
